ETAPE	RANG	DOSSARD	TEMPS
1	198	76	04:58:16
1	197	117	04:58:16
3	196	33	03:45:55
1	196	115	04:52:59
2	196	117	05:30:58
3	195	54	03:45:55
1	195	112	04:52:59
2	195	196	05:28:26
2	194	2	05:28:26
3	194	35	03:44:24
4	194	48	03:44:05
1	194	91	04:44:07
2	193	6	05:28:26
1	193	22	04:47:54
3	193	34	03:44:24
4	193	54	03:44:05
5	193	92	03:51:27
5	192	9	03:51:27
2	192	25	05:28:26
1	192	71	04:44:07
3	192	89	03:43:38
4	192	107	03:44:05
2	191	22	05:28:26
1	191	107	04:47:44
5	191	107	03:41:43
4	191	133	03:44:05
3	191	173	03:38:30
4	190	93	03:43:50
1	190	99	04:44:07
5	190	121	03:41:15
2	190	137	05:28:26
3	190	178	03:38:30
4	189	94	03:43:50
2	189	105	05:28:26
5	189	124	03:41:15
6	189	173	04:27:28
1	189	203	04:47:18
3	189	212	03:42:25
4	188	4	03:42:31
1	188	79	04:44:07
3	188	86	03:41:48
6	188	89	04:21:02
5	188	203	03:41:15
2	188	218	05:28:26
5	187	3	03:41:15
3	187	53	03:40:34
2	187	57	05:28:26
1	187	158	04:44:07
6	187	179	04:19:45
4	187	203	03:42:31
4	186	34	03:42:31
7	186	59	05:35:54
1	186	74	04:44:07
6	186	133	04:18:41
3	186	159	03:40:34
5	186	162	03:41:15
2	186	215	05:28:26
5	185	48	03:41:15
7	185	55	05:35:54
2	185	59	05:28:26
6	185	107	04:18:39
4	185	178	03:42:31
1	185	196	04:46:46
3	185	203	03:40:34
3	184	21	03:40:34
5	184	47	03:41:15
1	184	54	04:46:36
7	184	54	05:35:54
4	184	89	03:42:31
8	184	107	04:11:32
2	184	112	05:28:26
6	184	143	04:17:59
5	183	4	03:41:15
3	183	15	03:40:34
6	183	53	04:16:30
4	183	83	03:42:31
8	183	112	04:11:11
2	183	123	05:28:26
7	183	133	05:32:07
1	183	137	04:46:36
9	183	158	04:31:12
5	182	54	03:41:15
8	182	97	04:10:52
2	182	121	05:28:26
9	182	121	04:31:12
1	182	136	04:46:36
4	182	147	03:42:31
3	182	197	03:40:28
6	182	197	04:16:30
7	182	207	05:32:07
8	181	93	04:10:52
6	181	105	04:16:30
2	181	126	05:28:26
1	181	177	04:46:32
9	181	196	04:31:12
4	181	197	03:42:22
5	181	198	03:41:15
7	181	213	05:32:07
3	181	216	03:40:28
8	180	24	04:10:36
5	180	36	03:41:15
4	180	68	03:42:19
2	180	122	05:28:26
6	180	122	04:16:30
3	180	175	03:40:28
7	180	177	05:30:55
1	180	178	04:44:07
9	180	183	04:31:12
10	180	206	05:10:32
5	179	28	03:41:15
9	179	45	04:31:12
7	179	57	05:30:55
1	179	78	04:46:29
11	179	91	04:57:50
6	179	104	04:16:30
8	179	105	04:10:21
3	179	172	03:40:28
4	179	175	03:41:19
2	179	177	05:28:26
10	179	208	05:10:32
3	178	19	03:40:28
1	178	35	04:46:22
8	178	68	04:10:21
2	178	76	05:28:26
11	178	93	04:46:11
9	178	112	04:31:12
7	178	122	05:30:55
5	178	133	03:41:15
4	178	159	03:41:19
10	178	177	05:00:13
6	178	199	04:16:30
6	177	16	04:16:30
5	177	21	03:41:15
9	177	25	04:31:12
8	177	32	04:10:15
4	177	47	03:40:58
2	177	77	05:28:26
12	177	107	04:44:15
7	177	112	05:30:55
3	177	157	03:40:28
1	177	181	04:44:07
10	177	189	05:00:05
11	177	196	04:46:11
11	176	24	04:46:11
5	176	34	03:41:15
9	176	44	04:31:12
4	176	53	03:40:58
12	176	89	04:44:15
3	176	94	03:40:28
2	176	107	05:28:26
7	176	107	05:30:55
10	176	107	04:59:55
8	176	109	04:10:15
6	176	118	04:16:30
1	176	186	04:44:07
6	175	15	04:16:30
9	175	22	04:31:12
4	175	44	03:40:58
8	175	45	04:10:00
1	175	53	04:46:12
7	175	105	05:30:55
12	175	129	04:44:15
10	175	139	04:59:55
5	175	152	03:41:15
11	175	195	04:46:11
3	175	207	03:40:28
2	175	214	05:28:26
6	174	12	04:16:30
10	174	24	04:59:55
8	174	44	04:10:00
4	174	45	03:40:58
1	174	59	04:46:12
3	174	83	03:40:28
9	174	84	04:31:12
2	174	97	05:28:26
11	174	97	04:46:11
7	174	109	05:30:55
12	174	156	04:42:23
5	174	159	03:41:15
8	173	2	04:10:00
3	173	4	03:40:28
6	173	4	04:16:30
11	173	22	04:46:11
2	173	93	05:28:26
4	173	97	03:40:58
9	173	122	04:31:12
1	173	143	04:46:01
7	173	173	05:30:55
10	173	196	04:59:55
13	173	196	05:54:15
5	173	216	03:41:15
12	173	219	04:42:23
8	172	6	04:10:00
10	172	23	04:59:55
3	172	28	03:40:28
13	172	105	05:54:15
1	172	109	04:45:57
5	172	142	03:41:15
12	172	155	04:42:23
7	172	171	05:30:55
6	172	203	04:16:30
2	172	207	05:28:26
9	172	208	04:31:12
11	172	212	04:46:11
4	172	216	03:40:58
11	171	57	04:46:11
12	171	57	04:42:23
10	171	77	04:59:55
4	171	86	03:40:58
14	171	96	05:36:07
13	171	101	05:54:15
3	171	105	03:40:28
15	171	107	05:09:03
1	171	108	04:45:57
7	171	116	05:30:55
9	171	123	04:31:12
2	171	135	05:28:26
5	171	171	03:41:15
6	171	177	04:16:30
8	171	212	04:10:00
10	170	22	04:59:55
12	170	47	04:42:23
5	170	59	03:41:15
4	170	96	03:40:32
15	170	96	05:09:03
14	170	97	05:36:07
3	170	107	03:40:28
7	170	108	05:30:55
13	170	109	05:54:15
8	170	122	04:10:00
2	170	139	05:28:26
11	170	143	04:46:11
6	170	176	04:16:30
1	170	184	04:44:07
9	170	214	04:31:12
14	169	24	05:36:07
7	169	34	05:30:55
12	169	44	04:42:23
16	169	48	06:36:53
15	169	53	05:09:03
10	169	57	04:59:55
11	169	89	04:46:11
4	169	95	03:40:32
9	169	107	04:31:12
13	169	108	05:54:15
5	169	117	03:41:15
8	169	121	04:10:00
6	169	156	04:16:30
2	169	167	05:28:26
1	169	204	04:45:37
3	169	219	03:40:22
7	168	2	05:30:55
15	168	4	05:09:03
10	168	6	04:59:55
1	168	34	04:45:37
16	168	44	06:35:09
12	168	45	04:42:23
14	168	68	05:36:07
13	168	79	05:53:11
3	168	95	03:40:22
5	168	98	03:41:15
4	168	105	03:40:16
11	168	112	04:46:11
8	168	178	04:10:00
9	168	203	04:31:12
2	168	208	05:28:26
6	168	216	04:16:30
1	167	27	04:45:37
5	167	33	03:41:15
16	167	53	06:33:57
4	167	65	03:39:30
10	167	78	04:59:55
8	167	79	04:10:00
12	167	96	04:42:23
7	167	104	05:30:55
2	167	109	05:28:26
13	167	112	05:53:11
15	167	112	05:09:03
14	167	174	05:36:07
9	167	189	04:31:12
11	167	204	04:46:11
3	167	215	03:40:22
6	167	215	04:16:30
1	166	6	04:45:37
3	166	12	03:40:22
15	166	21	05:09:03
16	166	24	06:33:57
8	166	52	04:10:00
14	166	57	05:36:07
4	166	69	03:39:30
9	166	77	04:31:12
11	166	96	04:46:11
2	166	101	05:28:26
7	166	101	05:30:55
17	166	101	04:04:18
12	166	112	04:42:23
13	166	122	05:52:39
6	166	157	04:16:30
5	166	177	03:41:15
10	166	188	04:59:55
10	165	2	04:59:55
12	165	15	04:42:23
16	165	22	06:33:57
7	165	35	05:30:55
8	165	57	04:10:00
11	165	68	04:46:11
13	165	104	05:52:39
2	165	108	05:28:26
17	165	109	04:04:18
14	165	112	05:36:07
3	165	117	03:40:22
1	165	132	04:45:35
6	165	159	04:16:30
15	165	179	05:09:03
4	165	184	03:39:30
5	165	213	03:41:15
9	165	218	04:31:12
13	164	22	05:52:39
8	164	23	04:10:00
20	164	24	01:18:49
10	164	59	04:59:55
11	164	59	04:46:11
12	164	65	04:42:23
2	164	78	05:27:09
6	164	83	04:16:30
9	164	93	04:31:12
16	164	97	06:33:57
19	164	107	04:56:22
21	164	107	03:30:15
18	164	112	04:36:31
3	164	119	03:40:22
14	164	121	05:36:07
7	164	162	05:30:55
17	164	177	04:03:19
15	164	178	05:09:03
1	164	188	04:44:07
4	164	188	03:39:30
5	164	214	03:41:15
13	163	2	05:52:39
15	163	15	05:09:03
4	163	19	03:39:02
11	163	25	04:46:11
2	163	52	05:24:15
18	163	52	04:36:31
7	163	65	05:30:55
5	163	83	03:41:15
20	163	83	01:18:40
19	163	93	04:43:48
1	163	96	04:44:07
10	163	109	04:59:55
16	163	121	06:33:57
12	163	122	04:42:23
14	163	122	05:36:07
9	163	138	04:31:12
8	163	152	04:10:00
21	163	156	03:25:23
6	163	171	04:16:30
17	163	174	04:03:19
3	163	189	03:40:22
4	162	6	03:38:44
12	162	6	04:42:23
7	162	17	05:30:55
11	162	23	04:46:11
2	162	34	05:24:15
6	162	62	04:16:30
1	162	73	04:44:07
18	162	74	04:36:31
8	162	84	04:10:00
21	162	86	03:24:55
5	162	89	03:41:15
10	162	97	04:59:55
13	162	107	05:52:39
20	162	107	01:18:32
17	162	139	04:03:19
9	162	176	04:31:12
14	162	177	05:36:07
16	162	178	06:33:57
3	162	187	03:40:22
15	162	198	05:09:03
19	162	216	04:52:33
21	161	3	03:24:29
10	161	15	04:59:55
7	161	16	05:30:55
9	161	23	04:31:12
2	161	48	05:24:15
3	161	48	03:39:56
1	161	57	04:44:07
6	161	65	04:16:30
14	161	69	05:36:07
17	161	84	04:03:17
8	161	87	04:10:00
20	161	94	01:18:04
5	161	102	03:40:38
18	161	107	04:36:21
19	161	121	04:51:44
13	161	143	05:52:14
15	161	159	05:09:03
12	161	162	04:42:23
11	161	187	04:46:11
4	161	189	03:38:44
16	161	195	06:33:57
21	160	14	03:22:49
1	160	21	04:44:07
3	160	24	03:39:52
15	160	28	05:09:03
2	160	35	05:24:15
20	160	48	01:18:01
7	160	77	05:30:55
10	160	84	04:59:55
8	160	88	04:10:00
9	160	89	04:31:12
13	160	99	05:52:06
14	160	107	05:36:07
16	160	112	06:33:57
12	160	116	04:42:23
4	160	119	03:38:44
17	160	143	04:03:09
6	160	162	04:16:30
5	160	176	03:39:59
18	160	196	04:36:21
19	160	198	04:51:38
11	160	214	04:46:11
16	159	6	06:33:57
18	159	22	04:36:21
2	159	32	05:24:15
15	159	36	05:09:03
6	159	54	04:16:30
19	159	86	04:51:38
8	159	89	04:10:00
13	159	97	05:51:50
17	159	107	04:03:09
11	159	108	04:46:11
10	159	121	04:59:55
20	159	143	01:17:21
3	159	155	03:39:52
4	159	157	03:38:44
12	159	165	04:42:23
1	159	174	04:44:07
5	159	175	03:39:59
9	159	177	04:31:12
7	159	185	05:30:55
14	159	204	05:36:07
21	159	219	03:21:14
4	158	9	03:38:44
8	158	17	04:10:00
18	158	23	04:36:21
2	158	39	05:24:15
7	158	39	05:30:55
6	158	49	04:16:30
1	158	65	04:44:07
9	158	86	04:31:12
10	158	92	04:59:55
3	158	96	03:39:48
16	158	96	06:33:57
19	158	116	04:51:38
11	158	121	04:46:11
12	158	143	04:42:23
13	158	155	05:51:44
15	158	157	05:09:03
20	158	159	01:17:09
5	158	167	03:39:23
14	158	196	05:36:07
21	158	204	03:21:14
17	158	214	04:03:09
2	157	9	05:24:15
7	157	12	05:30:55
4	157	21	03:38:44
1	157	39	04:44:07
3	157	62	03:39:48
15	157	73	05:09:03
19	157	74	04:51:38
9	157	76	04:31:12
14	157	77	05:36:07
20	157	84	01:16:57
12	157	92	04:42:23
16	157	93	06:33:57
10	157	105	04:59:55
11	157	109	04:46:11
18	157	121	04:36:21
17	157	122	04:03:09
21	157	132	03:22:31
8	157	155	04:10:00
6	157	172	04:16:30
5	157	205	03:37:35
13	157	218	05:51:44
6	156	22	04:16:30
15	156	22	05:09:03
17	156	24	04:03:09
7	156	32	05:30:55
1	156	33	04:44:07
3	156	36	03:39:35
8	156	53	04:10:00
9	156	57	04:31:12
16	156	57	06:33:57
21	156	74	03:22:20
13	156	77	05:51:44
11	156	101	04:46:11
18	156	101	04:36:21
12	156	109	04:42:23
4	156	117	03:38:44
19	156	188	04:51:38
14	156	194	05:36:07
2	156	203	05:24:15
10	156	214	04:59:55
20	156	214	01:16:54
5	156	218	03:37:35
4	155	15	03:38:44
6	155	21	04:16:30
17	155	23	04:03:09
14	155	32	05:36:07
2	155	33	05:24:15
12	155	48	04:42:23
9	155	54	04:31:12
8	155	59	04:10:00
3	155	69	03:39:35
13	155	76	05:51:44
16	155	79	06:33:57
5	155	86	03:36:38
20	155	86	01:16:36
7	155	97	05:30:55
10	155	101	04:59:55
18	155	109	04:36:21
11	155	129	04:46:11
19	155	139	04:51:38
15	155	172	05:09:03
21	155	174	03:22:16
1	155	185	04:44:07
19	154	2	04:51:38
9	154	6	04:31:12
6	154	45	04:16:30
11	154	55	04:46:11
14	154	59	05:36:07
20	154	69	01:16:17
16	154	77	06:33:57
17	154	83	04:03:09
1	154	87	04:44:07
15	154	89	05:02:05
12	154	94	04:42:23
18	154	103	04:36:21
21	154	124	03:22:10
13	154	139	05:51:35
4	154	171	03:38:44
2	154	185	05:24:15
7	154	204	05:30:55
10	154	204	04:59:55
5	154	207	03:36:38
8	154	208	04:10:00
3	154	217	03:39:35
7	153	48	05:30:55
10	153	52	04:59:55
20	153	59	01:16:17
21	153	65	03:22:10
1	153	83	04:44:07
17	153	96	04:03:09
5	153	104	03:36:38
18	153	104	04:36:20
3	153	118	03:39:35
6	153	119	04:16:30
11	153	123	04:46:11
14	153	123	05:36:07
8	153	162	04:10:00
19	153	172	04:51:38
2	153	179	05:24:15
12	153	184	04:42:23
9	153	185	04:31:12
4	153	208	03:38:44
16	153	212	06:33:57
15	153	217	05:02:05
13	153	219	05:51:35
20	152	4	01:16:14
6	152	19	04:16:30
19	152	22	04:51:38
14	152	23	05:36:07
16	152	52	06:33:57
3	152	57	03:39:35
13	152	57	05:51:32
15	152	57	05:02:05
2	152	65	05:24:15
21	152	69	03:22:10
12	152	77	04:42:23
17	152	77	04:03:09
18	152	79	04:36:20
1	152	89	04:44:07
9	152	97	04:31:12
8	152	101	04:10:00
5	152	126	03:36:38
10	152	126	04:59:55
11	152	135	04:46:11
4	152	172	03:38:44
7	152	188	05:30:55
6	151	17	04:16:30
17	151	27	04:03:09
4	151	28	03:38:44
13	151	52	05:51:17
16	151	56	06:33:57
15	151	59	05:02:05
20	151	65	01:16:14
2	151	68	05:24:15
11	151	77	04:46:11
18	151	77	04:35:45
3	151	87	03:39:35
5	151	101	03:36:38
7	151	172	05:30:55
8	151	182	04:10:00
19	151	184	04:51:38
1	151	199	04:44:07
9	151	204	04:31:12
12	151	206	04:42:23
14	151	208	05:36:07
21	151	216	03:22:10
10	151	218	04:59:55
9	150	2	04:31:12
12	150	14	04:42:23
14	150	15	05:36:07
16	150	32	06:33:57
7	150	44	05:30:55
4	150	49	03:38:44
18	150	57	04:35:18
20	150	77	01:16:11
15	150	86	05:02:05
5	150	108	03:36:38
17	150	121	04:03:09
10	150	123	04:59:55
2	150	125	05:24:15
11	150	139	04:46:11
13	150	145	05:51:17
1	150	157	04:44:07
8	150	173	04:10:00
21	150	179	03:22:10
3	150	181	03:39:35
19	150	196	04:51:38
6	150	202	04:16:30
5	149	24	03:36:38
13	149	24	05:51:07
18	149	24	04:35:18
4	149	33	03:38:44
16	149	35	06:33:57
19	149	59	04:51:38
10	149	76	04:59:55
9	149	101	04:31:12
12	149	101	04:42:23
11	149	122	04:46:11
20	149	165	01:16:11
3	149	179	03:39:35
6	149	187	04:16:30
21	149	197	03:22:10
7	149	203	05:30:55
8	149	204	04:10:00
1	149	208	04:44:07
17	149	212	04:03:09
15	149	215	05:02:05
2	149	216	05:24:15
14	149	218	05:36:07
13	148	27	05:51:07
4	148	39	03:38:44
3	148	49	03:39:35
20	148	57	01:16:04
19	148	103	04:51:38
11	148	107	04:46:11
9	148	109	04:31:12
14	148	109	05:36:07
15	148	121	05:02:02
10	148	122	04:59:55
6	148	124	04:16:30
21	148	134	03:22:10
18	148	156	04:35:18
7	148	157	05:30:55
12	148	168	04:42:23
16	148	177	06:33:57
17	148	178	04:03:09
2	148	184	05:24:15
1	148	194	04:44:07
5	148	195	03:36:38
8	148	209	04:10:00
21	147	22	03:22:10
4	147	32	03:38:44
6	147	36	04:16:30
16	147	43	06:33:57
3	147	47	03:39:35
9	147	62	04:31:12
17	147	76	04:03:09
7	147	92	05:30:55
10	147	96	04:59:55
13	147	96	05:51:07
12	147	108	04:39:25
15	147	108	05:01:33
19	147	132	04:51:38
18	147	139	04:35:18
1	147	145	04:44:07
20	147	162	01:16:02
5	147	202	03:36:38
2	147	204	05:24:15
8	147	205	04:10:00
14	147	214	05:36:07
11	147	218	04:44:10
11	146	3	04:44:10
3	146	6	03:39:35
21	146	21	03:22:10
2	146	27	05:24:15
10	146	35	04:59:55
13	146	45	05:51:07
16	146	45	06:33:57
20	146	58	01:15:54
1	146	63	04:44:07
17	146	79	04:03:09
9	146	92	04:31:12
8	146	104	04:10:00
14	146	104	05:36:07
6	146	121	04:16:30
7	146	139	05:30:55
18	146	143	04:35:18
5	146	172	03:36:38
15	146	177	05:01:09
19	146	177	04:51:38
12	146	179	04:39:25
4	146	183	03:38:24
3	145	13	03:39:35
4	145	13	03:38:22
12	145	16	04:39:25
10	145	32	04:59:55
19	145	55	04:51:38
9	145	79	04:31:12
13	145	89	05:51:07
17	145	93	04:03:09
11	145	94	04:44:10
5	145	95	03:36:38
7	145	99	05:30:55
20	145	101	01:15:54
16	145	107	06:33:57
6	145	128	04:16:30
14	145	139	05:36:07
8	145	176	04:10:00
21	145	176	03:22:10
2	145	187	05:24:15
15	145	208	05:01:09
18	145	214	04:35:18
1	145	218	04:44:07
16	144	17	06:33:57
3	144	22	03:39:35
14	144	22	05:36:07
17	144	22	04:03:09
8	144	27	04:10:00
7	144	45	05:30:55
4	144	57	03:38:22
19	144	58	04:51:38
13	144	84	05:51:07
11	144	125	04:44:10
10	144	143	04:59:26
20	144	168	01:15:53
6	144	175	04:15:52
18	144	177	04:35:18
9	144	182	04:31:12
2	144	188	05:24:15
21	144	188	03:22:10
5	144	192	03:36:38
12	144	196	04:39:25
15	144	204	05:01:09
1	144	219	04:44:07
21	143	6	03:22:10
20	143	21	01:15:52
3	143	27	03:39:35
1	143	32	04:44:07
15	143	44	05:01:09
18	143	48	04:35:18
17	143	49	04:03:09
9	143	59	04:31:12
16	143	59	06:33:57
14	143	76	05:36:07
2	143	83	05:23:24
6	143	86	04:15:52
12	143	93	04:39:25
5	143	128	03:36:38
11	143	128	04:44:10
4	143	155	03:38:22
7	143	156	05:30:55
10	143	162	04:58:51
13	143	177	05:51:07
8	143	193	04:10:00
19	143	219	04:49:49
18	142	2	04:35:18
19	142	3	04:49:39
13	142	6	05:51:07
5	142	27	03:36:38
6	142	28	04:15:52
16	142	28	06:33:57
15	142	42	05:01:09
11	142	44	04:44:10
20	142	53	01:15:51
12	142	105	04:39:20
4	142	125	03:38:11
3	142	132	03:39:35
10	142	135	04:58:43
14	142	135	05:36:07
7	142	143	05:30:55
2	142	155	05:23:24
1	142	187	04:44:07
21	142	187	03:22:10
9	142	192	04:31:12
17	142	194	04:03:09
8	142	214	04:10:00
11	141	6	04:44:10
3	141	17	03:39:35
2	141	24	05:23:24
8	141	28	04:10:00
7	141	43	05:30:55
15	141	65	05:00:22
6	141	92	04:15:52
18	141	93	04:35:18
14	141	101	05:36:07
19	141	101	04:49:39
10	141	104	04:58:27
16	141	109	06:33:57
1	141	123	04:44:07
13	141	123	05:51:07
5	141	135	03:36:38
9	141	139	04:31:12
12	141	183	04:38:34
21	141	184	03:22:10
20	141	215	01:15:49
4	141	217	03:38:11
17	141	218	04:03:09
6	140	14	04:15:52
2	140	16	05:23:24
15	140	37	05:00:20
3	140	45	03:39:35
17	140	59	04:03:09
20	140	61	01:15:47
4	140	72	03:36:39
18	140	96	04:35:18
16	140	101	06:33:57
19	140	109	04:49:39
13	140	121	05:51:07
9	140	135	04:31:12
12	140	135	04:38:09
14	140	143	05:36:07
11	140	156	04:44:10
21	140	183	03:22:10
5	140	189	03:36:38
7	140	196	05:29:43
8	140	198	04:10:00
1	140	207	04:44:07
10	140	212	04:58:13
19	139	6	04:49:39
5	139	23	03:36:38
10	139	27	04:58:13
14	139	55	05:36:07
21	139	57	03:22:07
11	139	87	04:44:10
7	139	89	05:27:27
20	139	96	01:15:42
6	139	123	04:15:52
12	139	134	04:37:56
13	139	138	05:51:07
8	139	139	04:10:00
9	139	143	04:31:12
15	139	143	05:00:18
18	139	155	04:35:18
2	139	174	05:23:24
4	139	181	03:38:11
3	139	199	03:39:35
16	139	208	06:33:57
17	139	215	04:03:09
1	139	216	04:44:07
14	138	2	05:36:07
19	138	12	04:49:39
16	138	23	06:33:57
10	138	36	04:58:11
21	138	53	03:22:07
5	138	63	03:36:04
11	138	65	04:44:10
7	138	93	05:27:27
13	138	94	05:51:07
20	138	102	01:15:40
4	138	108	03:38:11
18	138	123	04:35:18
1	138	125	04:44:07
6	138	125	04:15:52
12	138	125	04:37:56
3	138	133	03:39:35
8	138	135	04:10:00
17	138	136	04:03:09
9	138	155	04:28:58
15	138	183	04:59:28
2	138	217	05:23:24
18	137	3	04:35:18
21	137	24	03:22:02
15	137	34	04:59:16
1	137	36	04:44:07
8	137	54	04:10:00
11	137	69	04:44:10
19	137	69	04:49:39
14	137	79	05:35:34
12	137	86	04:37:56
2	137	102	05:23:24
6	137	112	04:15:04
10	137	112	04:58:07
17	137	123	04:03:09
9	137	156	04:28:58
3	137	162	03:39:35
7	137	183	05:27:27
13	137	183	05:51:07
16	137	188	06:33:57
4	137	199	03:38:07
20	137	212	01:15:39
5	137	217	03:35:32
13	136	3	05:51:07
14	136	3	05:35:12
6	136	6	04:14:40
18	136	15	04:35:18
2	136	36	05:23:24
3	136	44	03:39:35
19	136	47	04:49:39
1	136	55	04:44:07
7	136	95	05:27:27
15	136	98	04:59:16
17	136	98	04:03:09
21	136	143	03:21:58
11	136	144	04:44:10
9	136	153	04:28:58
12	136	172	04:37:56
10	136	174	04:58:05
5	136	179	03:35:25
20	136	183	01:15:37
8	136	196	04:10:00
4	136	198	03:38:07
16	136	218	06:33:57
5	135	6	03:34:03
9	135	15	04:28:58
1	135	19	04:44:07
7	135	22	05:27:27
15	135	32	04:56:43
8	135	55	04:10:00
21	135	58	03:21:56
14	135	78	05:34:00
4	135	88	03:38:07
16	135	104	06:33:57
3	135	126	03:39:35
20	135	126	01:15:36
17	135	135	04:03:09
10	135	145	04:58:05
13	135	188	05:51:07
11	135	194	04:44:10
2	135	195	05:23:24
6	135	196	04:14:34
12	135	207	04:37:56
19	135	218	04:49:39
18	135	219	04:35:18
1	134	15	04:44:07
18	134	17	04:35:18
2	134	21	05:23:24
6	134	24	04:14:19
8	134	48	04:09:33
5	134	53	03:34:03
20	134	68	01:15:35
3	134	113	03:39:35
19	134	118	04:49:39
12	134	119	04:37:56
7	134	135	05:27:27
21	134	136	03:21:54
14	134	155	05:33:51
13	134	184	05:51:07
4	134	187	03:37:58
17	134	188	04:03:09
10	134	197	04:58:03
16	134	204	06:33:57
11	134	208	04:44:10
9	134	219	04:28:58
15	134	219	04:59:14
9	133	14	04:28:58
15	133	19	04:59:14
12	133	21	04:37:56
2	133	44	05:23:24
20	133	45	01:15:35
16	133	51	06:33:57
5	133	57	03:34:03
4	133	63	03:37:58
7	133	69	05:27:27
1	133	94	04:44:07
8	133	94	04:09:21
18	133	97	04:35:18
14	133	108	05:33:51
17	133	112	04:02:13
21	133	126	03:21:52
11	133	152	04:44:10
13	133	158	05:51:07
6	133	167	04:11:39
3	133	198	03:39:35
10	133	207	04:57:53
19	133	208	04:49:39
20	132	3	01:15:34
12	132	4	04:37:56
1	132	28	04:44:07
3	132	39	03:39:35
10	132	39	04:57:15
4	132	43	03:37:58
14	132	45	05:33:51
8	132	77	04:09:21
16	132	94	06:33:57
11	132	95	04:44:10
2	132	96	05:23:24
17	132	97	04:02:13
6	132	126	04:14:08
5	132	144	03:33:58
19	132	162	04:49:39
18	132	172	04:35:18
21	132	172	03:21:52
13	132	208	05:51:07
9	132	215	04:28:58
15	132	216	04:59:14
7	132	218	05:27:27
2	131	3	05:23:24
13	131	15	05:51:07
12	131	34	04:37:51
21	131	45	03:21:47
10	131	55	04:57:09
17	131	55	04:01:39
8	131	56	04:09:21
14	131	65	05:33:51
20	131	78	01:15:26
6	131	108	04:13:32
1	131	113	04:44:07
4	131	126	03:37:48
15	131	126	04:59:08
3	131	128	03:39:35
11	131	168	04:44:10
16	131	184	06:33:57
19	131	204	04:49:39
5	131	215	03:33:58
7	131	215	05:27:27
9	131	216	04:28:58
18	131	218	04:35:18
17	130	6	04:01:22
1	130	9	04:44:07
21	130	15	03:21:47
13	130	28	05:51:07
14	130	44	05:33:51
8	130	51	04:09:21
4	130	55	03:37:48
9	130	56	04:28:58
16	130	58	06:33:57
2	130	62	05:23:24
7	130	94	05:27:27
11	130	99	04:44:10
3	130	108	03:39:35
10	130	108	04:56:53
5	130	119	03:33:58
15	130	124	04:59:08
20	130	135	01:15:20
12	130	177	04:37:22
18	130	204	04:35:18
6	130	208	04:13:15
19	130	209	04:49:39
6	129	34	04:13:06
9	129	35	04:28:58
8	129	58	04:09:21
3	129	63	03:39:35
12	129	68	04:37:04
10	129	69	04:56:49
20	129	112	01:15:17
15	129	114	04:59:02
7	129	126	05:27:27
2	129	132	05:23:24
4	129	132	03:37:48
13	129	134	05:51:07
18	129	138	04:35:18
21	129	144	03:21:47
14	129	152	05:33:51
1	129	168	04:44:07
11	129	186	04:44:10
19	129	193	04:49:39
16	129	194	06:33:57
17	129	207	04:01:22
5	129	219	03:33:58
15	128	6	04:59:02
1	128	17	04:44:07
13	128	23	05:51:07
5	128	35	03:33:58
14	128	35	05:33:51
20	128	35	01:15:16
6	128	39	04:13:06
9	128	39	04:28:58
8	128	65	04:09:16
18	128	68	04:35:18
17	128	74	04:01:22
16	128	76	06:33:57
19	128	87	04:49:39
2	128	94	05:23:24
21	128	95	03:21:47
4	128	152	03:37:34
3	128	171	03:39:35
11	128	183	04:44:10
12	128	192	04:36:55
7	128	193	05:27:27
10	128	213	04:56:42
3	127	9	03:39:35
1	127	12	04:44:07
6	127	13	04:13:06
4	127	24	03:37:34
15	127	24	04:58:58
12	127	28	04:36:12
5	127	39	03:33:58
16	127	55	06:33:57
19	127	57	04:49:39
20	127	76	01:15:16
17	127	78	04:01:22
13	127	93	05:51:07
21	127	94	03:21:47
8	127	158	04:09:16
2	127	162	05:23:24
14	127	178	05:33:51
9	127	179	04:28:30
18	127	184	04:35:18
10	127	195	04:56:42
11	127	202	04:44:10
7	127	205	05:27:27
19	126	21	04:49:39
6	126	37	04:13:06
3	126	58	03:39:35
2	126	69	05:23:24
17	126	73	04:01:22
4	126	76	03:37:29
16	126	78	06:33:57
18	126	84	04:35:18
13	126	88	05:51:07
12	126	98	04:36:12
21	126	102	03:21:47
1	126	119	04:44:07
7	126	123	05:27:27
8	126	153	04:09:16
5	126	178	03:33:58
20	126	178	01:15:16
15	126	188	04:58:48
11	126	197	04:44:10
9	126	213	04:23:23
10	126	215	04:56:42
14	126	216	05:33:51
11	125	4	04:44:10
19	125	4	04:49:39
10	125	25	04:56:27
18	125	35	04:35:18
20	125	42	01:15:14
9	125	43	04:20:15
8	125	76	04:09:13
1	125	77	04:44:07
2	125	89	05:23:24
17	125	89	04:01:06
14	125	98	05:33:51
4	125	118	03:37:29
5	125	123	03:33:58
13	125	178	05:51:07
3	125	184	03:39:35
21	125	198	03:21:47
15	125	202	04:58:48
12	125	205	04:36:12
6	125	207	04:13:06
7	125	214	05:26:12
16	125	214	06:33:57
17	124	17	04:01:06
12	124	22	04:35:40
9	124	48	04:19:53
5	124	58	03:33:58
3	124	65	03:39:35
18	124	65	04:35:18
16	124	68	06:33:57
4	124	73	03:37:29
6	124	76	04:12:38
1	124	88	04:44:07
14	124	93	05:33:51
19	124	102	04:49:39
21	124	108	03:21:47
15	124	118	04:58:48
8	124	143	04:08:58
20	124	155	01:15:12
11	124	164	04:44:10
13	124	165	05:51:07
7	124	198	05:26:12
2	124	219	05:23:24
10	124	219	04:56:19
19	123	16	04:49:39
1	123	48	04:44:07
17	123	48	04:00:56
18	123	76	04:35:18
8	123	96	04:08:46
20	123	97	01:15:03
2	123	99	05:23:24
9	123	105	04:19:53
7	123	132	05:26:12
11	123	138	04:44:10
5	123	147	03:33:58
14	123	153	05:33:51
12	123	157	04:35:04
10	123	158	04:56:19
3	123	166	03:39:35
4	123	179	03:37:29
6	123	183	04:12:38
15	123	187	04:58:48
16	123	193	06:33:57
13	123	204	05:51:07
21	123	215	03:21:47
21	122	7	03:21:47
19	122	17	04:49:39
5	122	55	03:33:58
1	122	56	04:44:07
13	122	87	05:51:07
20	122	87	01:15:02
12	122	88	04:34:35
14	122	94	05:33:51
2	122	103	05:23:24
9	122	104	04:19:53
6	122	129	04:12:38
16	122	139	06:33:57
10	122	155	04:56:19
11	122	165	04:44:10
18	122	174	04:35:18
7	122	184	05:26:12
8	122	185	04:07:52
15	122	189	04:58:48
17	122	204	04:00:14
4	122	207	03:37:29
3	122	218	03:39:35
18	121	6	04:35:18
19	121	7	04:49:39
11	121	12	04:44:10
4	121	36	03:37:29
15	121	49	04:58:48
9	121	108	04:19:53
20	121	109	01:15:02
6	121	113	04:12:38
7	121	121	05:26:07
1	121	122	04:44:07
14	121	126	05:33:51
8	121	145	04:07:19
13	121	153	05:51:07
3	121	154	03:39:35
2	121	168	05:23:24
5	121	181	03:33:58
16	121	187	06:33:57
12	121	188	04:34:35
10	121	194	04:56:14
17	121	196	04:00:14
21	121	207	03:21:47
21	120	19	03:21:45
9	120	34	04:18:47
11	120	35	04:44:10
8	120	39	04:07:19
16	120	39	06:33:57
2	120	45	05:23:24
10	120	65	04:56:14
6	120	88	04:12:38
1	120	126	04:44:07
17	120	138	04:00:14
3	120	147	03:39:35
20	120	154	01:14:55
7	120	155	05:24:59
15	120	156	04:58:48
5	120	157	03:33:58
14	120	157	05:33:51
13	120	174	05:51:07
18	120	188	04:35:18
12	120	189	04:34:35
19	120	206	04:49:39
4	120	219	03:37:29
11	119	2	04:44:10
9	119	4	04:18:47
15	119	5	04:58:48
12	119	37	04:34:35
10	119	49	04:56:14
14	119	52	05:33:51
20	119	66	01:14:49
18	119	83	04:35:18
16	119	135	06:33:57
3	119	144	03:39:35
17	119	153	03:59:37
19	119	155	04:49:39
21	119	159	03:21:45
2	119	164	05:23:24
8	119	168	04:07:19
13	119	182	05:51:07
7	119	187	05:24:59
1	119	195	04:44:07
6	119	195	04:12:38
5	119	199	03:33:58
4	119	218	03:37:29
7	118	3	05:24:59
12	118	3	04:34:35
14	118	6	05:33:51
19	118	49	04:49:39
13	118	59	05:51:07
8	118	62	04:07:19
3	118	76	03:39:35
20	118	98	01:14:41
11	118	102	04:44:10
1	118	105	04:44:07
17	118	108	03:59:37
16	118	138	06:33:57
15	118	144	04:58:48
21	118	152	03:21:37
2	118	153	05:23:24
10	118	153	04:56:14
9	118	162	04:18:47
5	118	187	03:33:58
18	118	202	04:35:18
6	118	205	04:12:38
4	118	213	03:37:20
4	117	17	03:37:20
7	117	18	05:24:59
9	117	37	04:18:47
19	117	45	04:49:39
13	117	55	05:51:07
3	117	59	03:39:35
6	117	85	04:12:38
11	117	92	04:44:10
15	117	104	04:58:48
14	117	116	05:33:51
8	117	123	04:07:19
12	117	144	04:34:35
17	117	155	03:59:24
2	117	156	05:23:24
18	117	168	04:35:18
1	117	172	04:44:07
16	117	181	06:33:57
21	117	209	03:21:37
5	117	212	03:33:58
10	117	217	04:56:14
20	117	217	01:14:39
9	116	27	04:18:47
19	116	34	04:49:39
1	116	52	04:44:07
20	116	55	01:14:35
17	116	57	03:59:15
7	116	76	05:24:47
12	116	76	04:34:35
15	116	95	04:58:48
18	116	118	04:35:18
3	116	125	03:39:35
2	116	133	05:23:24
13	116	135	05:51:07
6	116	144	04:12:38
4	116	162	03:37:20
16	116	174	06:31:43
14	116	182	05:33:51
5	116	194	03:32:26
8	116	194	04:07:19
11	116	206	04:44:10
21	116	206	03:21:37
10	116	216	04:56:14
5	115	37	03:32:26
12	115	39	04:34:35
15	115	39	04:58:48
20	115	39	01:14:31
13	115	51	05:51:07
17	115	51	03:59:05
3	115	55	03:39:35
18	115	58	04:35:18
2	115	86	05:23:24
4	115	122	03:37:20
10	115	138	04:56:14
1	115	139	04:44:07
7	115	144	05:24:47
21	115	155	03:21:35
8	115	156	04:07:19
9	115	157	04:18:47
19	115	158	04:49:39
11	115	207	04:44:10
6	115	212	04:12:38
14	115	212	05:33:51
16	115	216	06:31:43
15	114	3	04:58:48
8	114	35	04:07:19
12	114	36	04:34:35
2	114	54	05:23:24
10	114	58	04:56:14
21	114	72	03:21:31
20	114	113	01:14:27
1	114	134	04:44:07
17	114	145	03:59:03
7	114	147	05:24:47
19	114	147	04:49:39
16	114	155	06:31:43
5	114	158	03:32:26
13	114	181	05:51:07
14	114	184	05:33:51
18	114	186	04:35:18
4	114	202	03:37:20
3	114	205	03:39:35
9	114	209	04:18:47
11	114	213	04:44:10
6	114	218	04:12:38
20	113	2	01:14:26
1	113	24	04:44:07
17	113	32	03:59:03
21	113	37	03:21:31
14	113	49	05:33:51
19	113	62	04:49:39
8	113	69	04:07:19
18	113	69	04:35:18
2	113	87	05:23:24
3	113	98	03:39:35
5	113	122	03:32:26
7	113	149	05:24:47
15	113	162	04:58:48
16	113	172	06:31:43
6	113	184	04:12:38
9	113	187	04:18:47
13	113	187	05:51:07
12	113	208	04:34:35
10	113	209	04:56:09
4	113	212	03:37:20
11	113	215	04:44:10
14	112	28	05:33:51
21	112	39	03:21:31
16	112	65	06:31:43
1	112	72	04:44:07
5	112	87	03:32:26
6	112	94	04:12:38
9	112	94	04:18:14
11	112	103	04:44:10
17	112	104	03:58:55
19	112	128	04:49:39
8	112	132	04:07:19
18	112	132	04:35:18
4	112	139	03:37:13
3	112	142	03:39:35
7	112	146	05:24:47
15	112	147	04:58:48
2	112	157	05:23:24
10	112	165	04:56:09
20	112	198	01:14:20
12	112	204	04:34:35
13	112	216	05:51:07
7	111	4	05:24:35
11	111	45	04:44:10
17	111	52	03:58:55
18	111	59	04:35:18
12	111	62	04:34:35
2	111	88	05:23:24
20	111	93	01:14:18
16	111	108	06:31:43
5	111	118	03:32:26
19	111	122	04:49:39
9	111	125	04:17:53
4	111	136	03:37:13
21	111	157	03:21:31
6	111	164	04:12:38
10	111	178	04:56:06
15	111	184	04:58:48
14	111	188	05:33:51
13	111	195	05:51:07
3	111	209	03:39:35
1	111	217	04:44:07
8	111	219	04:07:19
9	110	49	04:17:49
11	110	49	04:44:10
16	110	73	06:31:43
21	110	78	03:21:29
14	110	102	05:33:51
4	110	104	03:37:13
18	110	106	04:35:18
5	110	113	03:32:26
1	110	133	04:44:07
12	110	148	04:34:35
3	110	151	03:39:35
2	110	175	05:20:39
15	110	181	04:58:48
20	110	187	01:14:17
6	110	188	04:12:38
8	110	188	04:07:19
13	110	193	05:51:07
17	110	197	03:58:55
10	110	198	04:56:06
19	110	202	04:49:39
7	110	208	05:24:04
2	109	13	05:19:07
8	109	14	04:07:19
16	109	34	06:31:43
11	109	43	04:44:10
1	109	44	04:44:07
9	109	51	04:17:40
15	109	58	04:58:38
17	109	65	03:58:55
12	109	69	04:34:35
21	109	75	03:21:29
4	109	102	03:37:13
18	109	122	04:35:18
3	109	123	03:39:35
20	109	152	01:14:15
7	109	179	05:24:04
6	109	181	04:12:38
5	109	184	03:32:26
10	109	187	04:56:06
14	109	198	05:33:51
19	109	207	04:49:39
13	109	214	05:51:07
1	108	2	04:44:07
20	108	17	01:14:11
7	108	28	05:24:04
18	108	45	04:35:18
11	108	48	04:44:10
4	108	87	03:37:10
21	108	104	03:21:26
12	108	118	04:34:35
2	108	128	05:19:07
9	108	145	04:17:34
3	108	165	03:39:35
17	108	183	03:58:55
19	108	183	04:43:48
10	108	184	04:56:06
5	108	188	03:32:26
13	108	189	05:51:07
16	108	209	06:31:43
15	108	212	04:58:38
6	108	213	04:12:38
14	108	215	05:33:51
8	108	216	04:07:19
8	107	12	04:07:19
15	107	17	04:58:38
20	107	32	01:14:09
21	107	38	03:21:24
17	107	39	03:58:55
9	107	52	04:17:34
13	107	58	05:51:07
6	107	75	04:12:38
16	107	75	06:31:43
7	107	88	05:24:04
19	107	94	04:48:57
12	107	99	04:34:35
10	107	103	04:56:06
14	107	113	05:33:51
2	107	144	05:19:07
1	107	146	04:44:07
3	107	168	03:39:35
4	107	173	03:37:05
11	107	177	04:44:10
5	107	204	03:32:26
18	107	213	04:35:18
20	106	13	01:14:08
8	106	25	04:07:19
10	106	37	04:56:06
17	106	68	03:58:55
3	106	75	03:39:35
7	106	86	05:24:04
12	106	87	04:34:35
5	106	94	03:32:26
19	106	96	04:48:57
13	106	116	05:51:07
9	106	128	04:17:34
16	106	153	06:31:43
6	106	154	04:12:38
1	106	155	04:44:07
11	106	174	04:44:10
4	106	176	03:37:05
15	106	176	04:58:38
2	106	178	05:19:07
21	106	208	03:21:14
14	106	213	05:33:51
18	106	215	04:35:18
1	105	3	04:44:07
17	105	12	03:58:55
10	105	38	04:56:06
18	105	55	04:35:18
11	105	58	04:44:10
16	105	69	06:31:43
21	105	96	03:21:14
6	105	98	04:12:38
4	105	109	03:37:05
3	105	124	03:39:35
15	105	134	04:58:38
5	105	136	03:32:26
20	105	144	01:14:06
2	105	158	05:19:07
19	105	159	04:48:57
8	105	163	04:07:19
12	105	178	04:34:35
14	105	181	05:33:51
13	105	186	05:51:07
9	105	205	04:17:20
7	105	216	05:23:55
1	104	13	04:44:07
5	104	17	03:32:26
10	104	34	04:56:00
21	104	36	03:21:14
18	104	44	04:35:18
3	104	64	03:39:35
13	104	68	05:51:07
15	104	68	04:58:38
17	104	69	03:58:55
20	104	88	01:14:04
4	104	103	03:37:05
11	104	116	04:44:10
16	104	157	06:31:43
2	104	159	05:19:07
9	104	159	04:17:20
8	104	165	04:07:19
19	104	179	04:48:53
12	104	195	04:34:35
6	104	198	04:12:38
14	104	206	05:33:51
7	104	209	05:18:39
9	103	13	04:17:20
5	103	15	03:32:26
4	103	35	03:37:05
13	103	43	05:49:21
1	103	45	04:44:07
21	103	46	03:21:14
15	103	56	04:58:17
11	103	62	04:44:10
7	103	72	05:23:03
18	103	94	04:35:18
6	103	95	04:12:38
12	103	113	04:34:35
16	103	125	06:31:43
20	103	147	01:14:03
3	103	156	03:39:35
17	103	158	03:58:55
14	103	183	05:33:51
2	103	194	05:19:07
10	103	205	04:55:05
8	103	207	04:07:19
19	103	217	04:48:53
5	102	12	03:32:26
12	102	13	04:34:35
21	102	13	03:21:14
7	102	27	05:22:42
15	102	27	04:58:09
17	102	35	03:58:55
10	102	43	04:55:05
11	102	78	04:44:10
13	102	78	05:47:07
4	102	79	03:37:05
14	102	84	05:33:51
9	102	85	04:17:20
18	102	102	04:35:18
20	102	108	01:14:02
16	102	126	06:31:43
19	102	144	04:48:53
3	102	161	03:39:35
2	102	165	05:19:07
1	102	173	04:44:07
6	102	189	04:12:38
8	102	195	04:07:19
2	101	15	05:19:07
12	101	17	04:34:35
5	101	26	03:32:26
21	101	42	03:21:14
14	101	43	05:33:51
6	101	46	04:12:38
10	101	48	04:53:30
7	101	52	05:22:27
16	101	62	06:31:43
11	101	76	04:44:10
13	101	102	05:46:47
4	101	123	03:36:56
19	101	125	04:48:53
1	101	128	04:44:07
18	101	182	04:35:18
17	101	184	03:58:55
15	101	196	04:58:04
3	101	201	03:39:32
8	101	202	04:07:19
9	101	207	04:17:20
20	101	218	01:14:01
13	100	4	05:46:45
12	100	12	04:34:35
11	100	28	04:40:12
19	100	36	04:48:53
21	100	44	03:21:14
6	100	66	04:12:38
10	100	79	04:51:27
8	100	92	04:07:19
7	100	96	05:22:27
16	100	102	06:31:43
2	100	104	05:19:07
15	100	109	04:57:57
5	100	168	03:32:26
14	100	168	05:33:51
4	100	174	03:36:56
9	100	174	04:17:20
1	100	175	04:44:07
20	100	176	01:13:58
17	100	182	03:58:55
18	100	187	04:35:18
3	100	196	03:39:30
5	99	14	03:32:26
10	99	44	04:50:35
14	99	48	05:33:51
12	99	49	04:34:35
4	99	52	03:36:55
19	99	65	04:48:53
6	99	73	04:12:38
11	99	98	04:40:12
3	99	122	03:39:22
15	99	122	04:56:43
20	99	124	01:13:57
13	99	126	05:46:40
21	99	139	03:21:14
16	99	143	06:31:43
8	99	184	04:07:19
18	99	193	04:35:18
9	99	195	04:17:20
2	99	197	05:19:07
17	99	208	03:58:55
1	99	212	04:44:07
7	99	212	05:22:25
7	98	14	05:22:25
15	98	52	04:57:32
21	98	52	03:21:14
13	98	86	05:46:25
10	98	93	04:50:07
3	98	104	03:39:13
5	98	105	03:32:00
2	98	118	05:19:07
16	98	122	06:31:43
12	98	132	04:34:35
17	98	132	03:58:55
20	98	136	01:13:57
14	98	138	05:33:51
19	98	143	04:48:53
4	98	144	03:36:39
8	98	148	04:07:19
9	98	152	04:17:20
1	98	156	04:44:07
18	98	183	04:35:18
11	98	188	04:40:12
6	98	193	04:12:38
15	97	16	04:57:32
21	97	17	03:21:14
19	97	27	04:48:53
20	97	37	01:13:55
11	97	47	04:36:41
18	97	75	04:35:18
14	97	87	05:33:51
10	97	94	04:50:07
1	97	95	04:44:07
9	97	96	04:17:20
17	97	102	03:58:55
8	97	108	04:07:19
16	97	123	06:31:43
4	97	142	03:36:39
6	97	142	04:12:38
2	97	146	05:19:07
5	97	148	03:32:00
3	97	152	03:39:08
7	97	165	05:22:25
12	97	193	04:34:35
13	97	215	05:46:25
7	96	6	05:22:25
4	96	22	03:36:39
19	96	44	04:48:53
11	96	52	04:36:41
14	96	58	05:33:51
10	96	62	04:50:07
17	96	62	03:58:55
2	96	73	05:19:07
21	96	98	03:21:14
1	96	102	04:44:07
18	96	135	04:35:18
20	96	139	01:13:54
16	96	145	06:31:02
6	96	147	04:12:38
5	96	153	03:29:40
15	96	155	04:57:22
8	96	186	04:07:19
3	96	188	03:39:04
12	96	199	04:34:35
13	96	205	05:46:25
9	96	217	04:17:20
13	95	32	05:46:25
3	95	52	03:39:02
10	95	53	04:49:59
11	95	56	04:36:41
14	95	56	05:33:51
9	95	65	04:17:20
4	95	92	03:36:39
6	95	116	04:12:38
20	95	122	01:13:53
1	95	124	04:44:07
15	95	132	04:57:20
18	95	153	04:35:14
19	95	154	04:48:53
12	95	159	04:34:35
17	95	165	03:58:55
2	95	172	05:19:07
16	95	183	06:31:02
21	95	186	03:21:14
7	95	191	05:18:39
5	95	208	03:29:40
8	95	215	04:07:19
7	94	25	05:22:22
13	94	36	05:46:25
5	94	38	03:29:40
8	94	43	04:07:19
3	94	56	03:38:53
10	94	56	04:49:59
21	94	64	03:21:14
14	94	66	05:31:07
1	94	69	04:44:07
2	94	84	05:19:07
16	94	86	06:27:54
4	94	98	03:36:39
18	94	108	04:33:36
19	94	157	04:48:53
20	94	158	01:13:51
15	94	165	04:57:17
6	94	168	04:12:38
11	94	189	04:36:41
9	94	198	04:17:20
12	94	216	04:34:35
17	94	219	03:58:55
19	93	15	04:43:48
5	93	19	03:29:40
13	93	19	05:46:00
11	93	21	04:36:41
18	93	32	04:32:58
21	93	34	03:21:14
10	93	51	04:49:57
14	93	62	05:31:07
4	93	64	03:36:39
20	93	73	01:13:50
17	93	87	03:58:55
15	93	103	04:57:17
1	93	104	04:44:07
2	93	116	05:19:07
3	93	136	03:38:53
7	93	152	05:22:18
12	93	171	04:34:35
16	93	176	06:27:54
8	93	183	04:07:19
6	93	186	04:12:38
9	93	197	04:17:20
10	92	14	04:47:40
7	92	24	05:22:15
13	92	48	05:45:38
2	92	49	05:19:07
16	92	49	06:27:54
19	92	51	04:43:48
17	92	58	03:58:55
3	92	72	03:38:51
5	92	84	03:29:40
11	92	88	04:36:41
20	92	104	01:13:49
15	92	106	04:57:11
4	92	128	03:36:39
21	92	131	03:21:14
1	92	138	04:44:07
14	92	165	05:30:34
18	92	165	04:32:58
9	92	194	04:17:20
12	92	202	04:34:17
6	92	217	04:12:38
8	92	218	04:07:19
12	91	27	04:34:17
14	91	27	05:30:34
18	91	36	04:32:58
13	91	44	05:45:38
15	91	48	04:57:11
19	91	52	04:48:19
17	91	56	03:58:55
6	91	64	04:12:38
4	91	124	03:36:39
5	91	132	03:29:40
11	91	136	04:35:27
3	91	143	03:38:49
20	91	146	01:13:48
1	91	152	04:44:07
16	91	162	06:27:54
8	91	181	04:07:19
10	91	182	04:47:40
9	91	193	04:17:20
7	91	199	05:21:51
2	91	202	05:19:07
21	91	205	03:21:14
10	90	4	04:47:16
19	90	53	04:48:19
13	90	62	05:44:59
15	90	62	04:57:07
12	90	78	04:33:50
21	90	83	03:21:14
2	90	95	05:19:07
11	90	118	04:35:27
7	90	138	05:21:45
14	90	148	05:30:21
20	90	151	01:13:47
4	90	156	03:36:39
5	90	164	03:29:40
1	90	171	04:44:07
9	90	175	04:17:20
6	90	178	04:12:38
16	90	179	06:27:54
3	90	186	03:38:49
17	90	186	03:58:55
8	90	187	04:07:19
18	90	216	04:32:31
4	89	3	03:36:39
16	89	36	06:27:54
13	89	39	05:44:51
9	89	55	04:17:20
6	89	63	04:12:38
15	89	69	04:57:07
1	89	75	04:44:07
3	89	78	03:38:49
18	89	78	04:31:43
2	89	79	05:19:07
10	89	88	04:47:09
19	89	108	04:48:15
5	89	112	03:28:30
21	89	118	03:21:14
14	89	136	05:30:21
12	89	139	04:33:45
11	89	157	04:35:27
17	89	193	03:58:55
20	89	196	01:13:47
8	89	213	04:07:19
7	89	219	05:21:33
17	88	2	03:58:55
18	88	51	04:30:46
13	88	65	05:44:51
2	88	75	05:19:07
7	88	87	05:21:33
19	88	98	04:48:01
21	88	113	03:21:14
16	88	136	06:27:54
15	88	139	04:57:07
6	88	151	04:12:38
5	88	155	03:27:54
20	88	156	01:13:44
10	88	164	04:47:09
8	88	174	04:07:19
12	88	176	04:33:45
1	88	179	04:44:07
3	88	183	03:38:49
9	88	199	04:17:20
4	88	205	03:36:39
11	88	205	04:35:27
14	88	207	05:30:21
6	87	5	04:12:38
10	87	17	04:47:09
20	87	23	01:13:44
13	87	35	05:44:51
7	87	53	05:21:33
21	87	55	03:21:14
4	87	56	03:36:39
18	87	56	04:30:46
3	87	102	03:38:49
17	87	103	03:58:55
11	87	105	04:33:59
12	87	106	04:33:45
14	87	125	05:30:21
15	87	136	04:57:07
5	87	145	03:26:55
8	87	164	04:07:19
1	87	176	04:44:07
19	87	211	04:44:47
2	87	212	05:19:07
9	87	212	04:17:20
16	87	215	06:27:54
14	86	4	05:30:21
15	86	13	04:57:01
11	86	37	04:33:59
7	86	49	05:21:21
5	86	65	03:26:45
3	86	68	03:38:49
18	86	73	04:28:56
21	86	73	03:21:14
4	86	85	03:36:39
16	86	95	06:27:54
1	86	106	04:44:07
9	86	124	04:17:20
6	86	127	04:12:38
2	86	143	05:19:07
17	86	168	03:58:55
8	86	172	04:07:19
13	86	179	05:44:51
10	86	183	04:47:09
12	86	187	04:33:45
19	86	201	04:43:48
20	86	211	01:13:42
2	85	12	05:19:07
11	85	14	04:33:59
5	85	43	03:26:45
13	85	47	05:44:51
1	85	58	04:44:07
17	85	75	03:58:55
4	85	78	03:36:39
12	85	83	04:33:45
20	85	85	01:13:39
15	85	87	04:57:01
8	85	102	04:07:19
9	85	147	04:17:20
18	85	149	04:28:56
6	85	152	04:12:33
21	85	162	03:21:14
14	85	164	05:30:21
10	85	181	04:47:09
7	85	189	05:21:21
3	85	202	03:38:49
19	85	205	04:47:28
16	85	207	06:27:54
10	84	12	04:47:09
16	84	12	06:27:54
2	84	18	05:19:07
12	84	38	04:33:45
15	84	38	04:57:01
17	84	43	03:58:15
20	84	56	01:13:39
7	84	62	05:21:21
13	84	69	05:44:51
4	84	75	03:36:39
21	84	85	03:21:14
6	84	101	04:12:33
9	84	103	04:17:20
14	84	103	05:30:21
8	84	126	04:07:19
18	84	144	04:28:56
1	84	162	04:44:07
5	84	173	03:26:45
3	84	176	03:38:30
19	84	186	04:44:47
11	84	219	04:33:59
1	83	4	04:44:07
4	83	12	03:36:39
11	83	15	04:33:59
2	83	17	05:19:07
8	83	22	04:07:19
14	83	39	05:30:21
6	83	44	04:12:33
17	83	44	03:58:15
13	83	75	05:44:51
5	83	76	03:26:45
7	83	78	05:21:21
12	83	95	04:33:45
15	83	102	04:57:01
20	83	114	01:13:37
9	83	118	04:17:20
19	83	148	04:43:48
16	83	156	06:27:54
10	83	157	04:47:09
3	83	193	03:38:30
18	83	197	04:28:56
21	83	199	03:21:14
2	82	19	05:19:07
4	82	26	03:36:39
6	82	32	04:12:26
17	82	42	03:57:49
18	82	49	04:27:59
9	82	69	04:17:20
14	82	73	05:30:08
15	82	75	04:57:01
16	82	83	06:27:54
10	82	102	04:47:09
8	82	103	04:07:19
5	82	116	03:26:45
7	82	118	05:21:21
13	82	118	05:44:51
12	82	124	04:33:45
3	82	138	03:38:30
20	82	138	01:13:35
1	82	144	04:44:07
19	82	164	04:43:48
11	82	203	04:33:59
21	82	218	03:21:14
4	81	27	03:36:39
21	81	41	03:21:14
1	81	43	04:44:07
13	81	56	05:44:51
2	81	63	05:19:07
3	81	66	03:38:30
14	81	88	05:30:08
19	81	88	04:43:48
8	81	99	04:07:19
6	81	102	04:12:26
20	81	103	01:13:33
9	81	113	04:17:20
16	81	113	06:27:54
12	81	126	04:33:45
10	81	128	04:47:09
5	81	129	03:26:45
15	81	145	04:57:01
18	81	145	04:27:19
17	81	148	03:55:00
7	81	202	05:21:21
11	81	216	04:33:59
18	80	14	04:27:19
3	80	26	03:38:30
21	80	48	03:21:14
2	80	55	05:19:07
15	80	55	04:57:01
20	80	62	01:13:32
19	80	82	04:43:48
1	80	86	04:44:07
17	80	86	03:55:00
9	80	95	04:17:20
7	80	119	05:21:21
14	80	145	05:30:08
6	80	155	04:12:26
4	80	168	03:36:39
13	80	168	05:44:51
12	80	175	04:33:45
10	80	176	04:47:09
5	80	193	03:26:45
11	80	193	04:33:59
8	80	203	04:06:34
16	80	206	06:27:54
4	79	2	03:36:39
15	79	12	04:57:01
1	79	29	04:44:07
8	79	36	04:05:50
14	79	51	05:30:08
12	79	52	04:33:45
19	79	85	04:43:48
10	79	125	04:47:09
2	79	136	05:19:07
6	79	136	04:12:24
7	79	136	05:21:21
11	79	162	04:33:59
3	79	164	03:38:30
16	79	165	06:27:54
9	79	184	04:17:20
17	79	187	03:55:00
13	79	194	05:44:51
20	79	204	01:13:31
18	79	208	04:27:19
5	79	211	03:26:45
21	79	211	03:21:14
20	78	38	01:13:26
21	78	47	03:21:14
12	78	53	04:33:45
6	78	56	04:12:24
11	78	83	04:33:45
18	78	87	04:27:19
19	78	89	04:44:47
7	78	102	05:21:21
3	78	103	03:38:30
16	78	116	06:27:54
9	78	129	04:17:20
10	78	129	04:47:09
2	78	138	05:19:07
8	78	146	04:05:50
5	78	161	03:26:45
4	78	164	03:36:39
14	78	186	05:27:18
1	78	198	04:44:07
15	78	206	04:57:01
13	78	212	05:44:51
17	78	216	03:55:00
20	77	5	01:13:25
18	77	39	04:27:19
10	77	45	04:46:36
9	77	58	04:17:20
19	77	66	04:43:48
12	77	73	04:33:45
5	77	88	03:26:45
17	77	88	03:55:00
6	77	96	04:12:20
8	77	116	04:05:50
13	77	125	05:44:51
14	77	128	05:27:18
16	77	146	06:27:54
11	77	155	04:33:45
1	77	159	04:44:07
7	77	164	05:21:21
4	77	165	03:36:39
2	77	192	05:17:16
3	77	192	03:38:30
15	77	207	04:57:01
21	77	217	03:21:14
17	76	3	03:52:29
18	76	16	04:27:19
8	76	18	04:05:50
1	76	25	04:44:07
3	76	29	03:38:30
21	76	56	03:21:14
6	76	58	04:12:14
7	76	58	05:21:21
19	76	67	04:43:48
20	76	79	01:13:25
5	76	97	03:25:55
16	76	103	06:27:54
13	76	113	05:44:51
15	76	128	04:57:01
10	76	132	04:46:32
2	76	173	05:17:16
11	76	179	04:33:45
9	76	188	04:17:20
4	76	193	03:36:39
14	76	202	05:26:52
12	76	218	04:33:31
9	75	19	04:17:20
8	75	21	04:05:50
17	75	45	03:52:23
21	75	49	03:21:14
12	75	56	04:33:27
4	75	58	03:36:39
20	75	72	01:13:24
16	75	87	06:27:54
18	75	88	04:26:45
5	75	93	03:24:10
6	75	99	04:12:14
19	75	99	04:46:51
3	75	129	03:38:30
10	75	136	04:46:32
2	75	152	05:15:41
14	75	159	05:26:05
1	75	164	04:44:07
7	75	168	05:21:21
11	75	199	04:33:45
13	75	206	05:44:51
15	75	218	04:57:01
1	74	14	04:44:07
12	74	24	04:33:23
4	74	25	03:36:39
5	74	46	03:24:10
7	74	46	05:18:39
18	74	47	04:26:21
3	74	67	03:38:30
6	74	79	04:12:03
15	74	79	04:57:01
19	74	95	04:46:51
9	74	98	04:17:20
16	74	99	06:27:54
17	74	118	03:52:12
8	74	125	04:05:41
21	74	138	03:21:14
2	74	147	05:15:10
13	74	154	05:44:51
11	74	172	04:33:45
20	74	172	01:13:13
10	74	186	04:46:32
14	74	205	05:25:57
9	73	12	04:17:20
13	73	12	05:44:51
16	73	14	06:27:27
15	73	29	04:57:01
11	73	39	04:33:12
18	73	42	04:26:21
6	73	52	04:11:57
12	73	72	04:33:03
19	73	83	04:46:51
10	73	86	04:45:11
14	73	89	05:25:19
17	73	106	03:52:12
3	73	114	03:38:30
4	73	116	03:36:39
1	73	118	04:44:07
2	73	119	05:15:10
20	73	121	01:13:05
21	73	125	03:21:14
8	73	136	04:05:41
5	73	139	03:24:10
7	73	201	05:18:39
3	72	7	03:38:30
20	72	7	01:13:02
7	72	15	05:20:33
17	72	15	03:52:12
1	72	26	04:44:07
16	72	42	06:27:27
18	72	43	04:26:21
21	72	43	03:21:14
5	72	52	03:24:10
12	72	55	04:32:56
4	72	66	03:36:39
19	72	73	04:43:48
2	72	85	05:14:22
11	72	85	04:30:53
14	72	86	05:25:19
6	72	97	04:11:54
9	72	132	04:17:20
8	72	138	04:05:41
10	72	148	04:43:46
13	72	156	05:44:51
15	72	205	04:57:01
6	71	2	04:11:54
4	71	8	03:36:39
21	71	16	03:21:14
5	71	22	03:24:10
16	71	47	06:27:27
12	71	58	04:32:56
8	71	73	04:04:45
7	71	91	05:18:39
18	71	116	04:26:02
13	71	119	05:44:51
20	71	123	01:13:00
2	71	124	05:14:22
11	71	132	04:29:51
19	71	152	04:46:51
1	71	165	04:44:07
3	71	169	03:38:30
10	71	179	04:43:42
9	71	186	04:17:20
14	71	187	05:24:38
15	71	192	04:57:01
17	71	217	03:52:12
15	70	7	04:56:59
13	70	17	05:44:51
12	70	19	04:32:56
11	70	27	04:29:51
21	70	27	03:21:14
2	70	28	05:13:10
14	70	37	05:23:59
20	70	47	01:12:58
5	70	103	03:24:10
16	70	132	06:27:27
17	70	134	03:52:12
3	70	139	03:38:30
6	70	139	04:11:54
10	70	146	04:43:33
1	70	147	04:44:07
8	70	147	04:04:16
4	70	151	03:36:39
9	70	178	04:17:20
18	70	206	04:26:02
7	70	211	05:18:39
19	70	212	04:46:51
2	69	4	05:13:10
16	69	27	06:27:27
21	69	35	03:21:14
14	69	36	05:23:59
6	69	47	04:11:39
1	69	85	04:44:07
5	69	85	03:24:10
12	69	102	04:32:52
19	69	123	04:46:51
8	69	128	04:04:16
13	69	132	05:44:51
10	69	152	04:43:33
7	69	153	05:20:05
20	69	153	01:12:54
4	69	161	03:36:39
17	69	164	03:52:12
9	69	181	04:17:20
15	69	186	04:56:43
11	69	198	04:28:12
18	69	207	04:26:02
3	69	208	03:38:30
16	68	21	06:27:27
20	68	51	01:12:52
6	68	55	04:11:39
7	68	64	05:20:05
19	68	75	04:46:51
3	68	127	03:38:30
18	68	134	04:25:25
1	68	142	04:44:07
5	68	143	03:23:05
4	68	154	03:36:39
10	68	156	04:43:33
9	68	161	04:17:20
21	68	165	03:21:14
13	68	172	05:44:51
8	68	179	04:04:16
11	68	182	04:28:12
2	68	189	05:13:10
15	68	197	04:56:43
17	68	213	03:52:12
12	68	217	04:32:52
14	68	217	05:23:49
6	67	3	04:11:39
16	67	5	06:27:27
13	67	14	05:44:51
7	67	21	05:20:05
4	67	29	03:36:39
21	67	29	03:21:05
3	67	46	03:38:30
1	67	47	04:44:07
10	67	75	04:43:33
15	67	85	04:56:43
14	67	99	05:23:49
11	67	119	04:27:27
5	67	156	03:22:57
17	67	156	03:52:12
8	67	157	04:03:02
12	67	158	04:32:52
18	67	158	04:25:25
9	67	168	04:17:20
2	67	186	05:12:16
20	67	199	01:12:50
19	67	213	04:46:51
11	66	17	04:27:21
12	66	35	04:32:42
2	66	43	05:12:16
19	66	48	04:46:51
7	66	56	05:20:05
5	66	67	03:22:51
3	66	92	03:38:30
15	66	94	04:56:43
8	66	119	04:02:25
17	66	125	03:52:12
20	66	132	01:12:43
1	66	154	04:44:07
21	66	154	03:21:05
10	66	163	04:43:33
16	66	164	06:27:27
9	66	165	04:17:20
4	66	185	03:36:39
13	66	198	05:44:51
18	66	209	04:25:21
6	66	219	04:11:39
14	66	219	05:23:49
21	65	12	03:21:05
5	65	16	03:22:51
6	65	25	04:11:39
17	65	36	03:52:12
12	65	43	04:32:36
19	65	43	04:46:51
15	65	45	04:56:43
16	65	66	06:27:27
10	65	73	04:43:33
7	65	85	05:20:05
9	65	102	04:17:20
4	65	111	03:36:39
1	65	114	04:44:07
18	65	126	04:24:55
3	65	134	03:38:30
11	65	159	04:27:21
20	65	161	01:12:43
14	65	162	05:22:55
8	65	199	04:02:25
2	65	205	05:11:18
13	65	207	05:44:51
16	64	4	06:27:27
18	64	21	04:24:55
3	64	37	03:38:30
4	64	38	03:36:39
2	64	58	05:11:18
9	64	72	04:17:20
13	64	98	05:44:51
1	64	116	04:44:07
10	64	116	04:43:33
12	64	123	04:32:35
17	64	126	03:52:12
21	64	128	03:21:05
6	64	132	04:11:39
20	64	148	01:12:42
14	64	156	05:22:14
11	64	184	04:27:21
7	64	186	05:20:05
5	64	196	03:22:51
8	64	197	04:02:25
19	64	199	04:46:51
15	64	211	04:56:43
3	63	32	03:38:30
7	63	36	05:20:05
1	63	49	04:44:07
5	63	64	03:22:51
8	63	66	04:00:58
9	63	74	04:17:20
21	63	79	03:21:05
6	63	87	04:11:39
13	63	103	05:44:51
12	63	136	04:32:31
11	63	153	04:27:21
14	63	158	05:22:14
4	63	163	03:36:39
16	63	168	06:27:27
17	63	176	03:52:12
18	63	179	04:24:31
2	63	183	05:11:18
10	63	202	04:43:33
15	63	213	04:56:43
19	63	215	04:46:51
20	63	216	01:12:39
14	62	12	05:22:14
5	62	13	03:22:51
17	62	18	03:51:31
16	62	19	06:27:27
20	62	29	01:12:39
11	62	36	04:27:21
2	62	38	05:11:10
19	62	39	04:44:47
13	62	42	05:42:48
6	62	59	04:11:39
18	62	62	04:24:16
7	62	73	05:20:05
9	62	78	04:17:20
15	62	88	04:56:43
10	62	99	04:43:33
12	62	103	04:32:31
8	62	118	04:00:58
4	62	134	03:36:39
1	62	189	04:44:07
3	62	206	03:38:30
21	62	212	03:21:05
21	61	4	03:21:05
4	61	7	03:36:39
2	61	14	05:10:21
16	61	18	06:27:27
7	61	38	05:20:05
15	61	99	04:56:43
13	61	106	05:37:26
8	61	113	04:00:58
11	61	113	04:27:21
5	61	114	03:22:51
10	61	119	04:43:33
1	61	121	04:44:07
14	61	132	05:22:14
12	61	146	04:32:27
9	61	164	04:17:20
6	61	182	04:11:39
20	61	182	01:12:35
3	61	191	03:38:30
19	61	197	04:44:47
18	61	198	04:23:42
17	61	205	03:49:40
4	60	14	03:36:39
14	60	17	05:22:14
7	60	19	05:20:05
9	60	29	04:17:20
16	60	37	06:23:31
6	60	78	04:11:39
12	60	79	04:32:11
3	60	85	03:38:30
2	60	92	05:10:21
19	60	106	04:44:47
21	60	106	03:21:05
5	60	125	03:22:51
17	60	152	03:49:40
1	60	161	04:44:07
10	60	168	04:43:33
11	60	175	04:27:21
20	60	197	01:12:32
13	60	209	05:37:26
15	60	209	04:56:43
18	60	212	04:23:18
8	60	217	04:00:58
17	59	4	03:49:40
21	59	5	03:21:05
1	59	67	04:44:07
6	59	72	04:11:39
14	59	75	05:22:14
7	59	98	05:20:05
8	59	106	04:00:58
3	59	111	03:38:30
15	59	113	04:56:43
12	59	128	04:32:11
4	59	129	03:36:39
19	59	153	04:43:48
5	59	154	03:22:51
11	59	154	04:27:21
13	59	157	05:37:24
9	59	169	04:17:20
20	59	175	01:12:31
16	59	199	06:23:31
10	59	203	04:43:33
2	59	213	05:10:21
18	59	217	04:23:18
10	58	18	04:43:33
20	58	34	01:12:31
6	58	43	04:11:39
8	58	49	04:00:22
11	58	75	04:27:21
12	58	75	04:32:11
3	58	88	03:38:30
4	58	127	03:36:39
13	58	128	05:35:59
15	58	131	04:56:43
18	58	136	04:23:18
9	58	149	04:17:20
1	58	151	04:44:07
21	58	151	03:21:05
19	58	156	04:44:47
17	58	179	03:49:40
2	58	181	05:10:21
5	58	197	03:22:51
16	58	198	06:23:31
14	58	209	05:22:14
7	58	217	05:20:05
16	57	7	06:23:31
17	57	8	03:49:40
18	57	8	04:23:18
9	57	24	04:17:20
4	57	46	03:36:39
10	57	87	04:43:33
1	57	93	04:44:07
2	57	98	05:10:21
6	57	103	04:11:39
13	57	124	05:35:59
7	57	125	05:20:05
3	57	149	03:38:30
5	57	151	03:22:51
15	57	164	04:56:43
11	57	171	04:27:21
8	57	177	04:00:11
19	57	192	04:46:51
14	57	195	05:22:14
12	57	198	04:32:11
21	57	202	03:21:05
20	57	208	01:12:30
10	56	3	04:42:54
4	56	5	03:36:39
6	56	8	04:11:39
13	56	49	05:35:13
2	56	64	05:10:21
18	56	66	04:23:18
11	56	86	04:27:21
9	56	99	04:17:20
3	56	116	03:38:30
21	56	127	03:21:05
8	56	144	04:00:02
15	56	154	04:56:43
19	56	161	04:43:48
17	56	162	03:49:40
12	56	164	04:32:11
7	56	174	05:20:05
20	56	186	01:12:29
14	56	193	05:22:14
5	56	206	03:22:51
1	56	211	04:44:07
16	56	217	06:23:31
3	55	3	03:38:30
18	55	4	04:23:18
6	55	48	04:11:39
20	55	67	01:12:24
16	55	106	06:23:31
14	55	114	05:22:06
9	55	127	04:17:20
7	55	128	05:20:05
17	55	128	03:49:40
2	55	145	05:09:55
11	55	147	04:27:21
21	55	147	03:21:05
13	55	148	05:34:28
8	55	149	04:00:02
12	55	152	04:32:11
19	55	168	04:46:51
4	55	169	03:36:39
15	55	175	04:56:43
1	55	191	04:44:07
5	55	191	03:22:51
10	55	193	04:41:34
8	54	16	04:00:02
14	54	42	05:22:01
2	54	66	05:09:55
6	54	82	04:11:39
20	54	89	01:12:23
10	54	95	04:41:34
19	54	112	04:43:48
18	54	113	04:23:18
7	54	131	05:18:39
3	54	158	03:38:30
4	54	158	03:36:39
15	54	161	04:56:43
13	54	162	05:34:28
5	54	169	03:22:51
11	54	176	04:27:21
12	54	186	04:32:11
9	54	201	04:17:20
21	54	201	03:21:05
16	54	202	06:23:31
17	54	206	03:49:40
1	54	214	04:44:07
5	53	2	03:22:28
19	53	38	04:43:48
3	53	43	03:38:30
9	53	66	04:17:20
11	53	72	04:27:21
20	53	74	01:12:23
7	53	83	05:19:59
15	53	83	04:56:43
8	53	85	04:00:02
4	53	113	03:36:39
10	53	113	04:41:34
16	53	152	06:23:31
12	53	154	04:32:11
21	53	161	03:21:05
18	53	164	04:23:18
2	53	166	05:09:55
14	53	192	05:21:49
1	53	205	04:44:07
17	53	209	03:49:40
6	53	211	04:11:39
13	53	217	05:34:28
18	52	7	04:23:18
19	52	13	04:43:48
16	52	15	06:22:02
5	52	66	03:22:21
4	52	67	03:36:39
9	52	67	04:17:20
10	52	68	04:39:24
3	52	81	03:38:30
8	52	83	04:00:02
2	52	113	05:09:55
17	52	116	03:49:40
6	52	131	04:11:39
20	52	131	01:12:22
13	52	146	05:34:28
12	52	147	04:32:11
1	52	167	04:44:07
15	52	168	04:56:43
21	52	175	03:21:05
14	52	179	05:21:45
7	52	195	05:19:54
11	52	211	04:27:21
10	51	16	04:38:03
8	51	34	04:00:02
19	51	37	04:43:48
14	51	46	05:21:45
7	51	47	05:18:39
17	51	47	03:49:40
5	51	73	03:22:21
3	51	106	03:38:30
4	51	114	03:36:39
12	51	149	04:32:11
20	51	157	01:12:20
18	51	162	04:23:18
13	51	164	05:34:28
21	51	164	03:21:05
15	51	169	04:56:43
16	51	182	06:21:47
1	51	197	04:44:07
9	51	202	04:17:20
6	51	204	04:11:39
2	51	211	05:09:55
11	51	217	04:27:21
8	50	3	04:00:02
6	50	11	04:11:39
1	50	16	04:44:07
13	50	16	05:34:28
12	50	29	04:32:11
20	50	36	01:12:20
4	50	37	03:36:39
21	50	67	03:21:05
18	50	99	04:23:18
7	50	113	05:19:42
9	50	126	04:17:20
11	50	149	04:27:21
15	50	158	04:56:43
17	50	172	03:49:40
19	50	175	04:44:47
14	50	176	05:21:26
5	50	183	03:22:21
10	50	192	04:37:38
3	50	195	03:38:30
16	50	197	06:21:30
2	50	199	05:09:32
5	49	18	03:22:21
13	49	18	05:34:28
14	49	18	05:21:15
3	49	25	03:38:30
6	49	57	04:11:39
4	49	61	03:36:39
19	49	61	04:43:48
21	49	62	03:21:05
2	49	72	05:09:11
9	49	81	04:17:20
8	49	95	04:00:02
10	49	98	04:37:38
18	49	98	04:23:18
7	49	124	05:18:39
11	49	146	04:27:21
17	49	175	03:49:40
12	49	197	04:32:11
15	49	199	04:56:43
1	49	202	04:44:07
20	49	206	01:12:11
16	49	211	06:21:30
8	48	4	04:00:02
1	48	5	04:44:07
13	48	21	05:32:52
18	48	27	04:23:18
6	48	29	04:11:39
15	48	64	04:56:43
9	48	68	04:17:20
4	48	81	03:36:39
3	48	91	03:38:30
10	48	91	04:37:38
11	48	111	04:27:21
20	48	118	01:12:09
21	48	122	03:21:05
14	48	146	05:20:03
12	48	161	04:32:11
19	48	169	04:43:48
16	48	192	06:20:50
7	48	197	05:19:42
17	48	202	03:49:40
2	48	209	05:09:11
5	48	209	03:22:21
3	47	5	03:38:30
11	47	16	04:27:17
2	47	26	05:09:11
21	47	61	03:21:05
1	47	62	04:44:07
15	47	66	04:56:43
6	47	69	04:11:39
8	47	72	03:57:35
9	47	73	04:17:20
7	47	75	05:19:42
19	47	81	04:43:48
17	47	95	03:49:40
18	47	95	04:23:18
12	47	111	04:32:11
13	47	144	05:32:52
10	47	147	04:37:38
16	47	147	06:19:18
5	47	182	03:22:21
14	47	197	05:19:24
20	47	209	01:12:08
4	47	211	03:36:39
1	46	37	04:44:07
3	46	42	03:38:30
12	46	46	04:32:11
2	46	47	05:09:11
20	46	64	01:12:04
10	46	66	04:37:19
13	46	66	05:32:52
14	46	74	05:19:24
5	46	81	03:22:21
9	46	82	04:17:20
7	46	103	05:19:42
15	46	125	04:56:43
11	46	126	04:27:15
18	46	128	04:23:18
8	46	129	03:57:17
19	46	134	04:43:48
21	46	146	03:21:05
4	46	149	03:36:39
17	46	157	03:49:40
16	46	205	06:19:18
6	46	206	04:11:39
4	45	16	03:36:39
11	45	19	04:26:32
16	45	64	06:19:18
14	45	72	05:19:24
18	45	89	04:21:52
3	45	99	03:38:30
10	45	106	04:36:11
19	45	113	04:43:48
9	45	141	04:17:20
1	45	149	04:44:07
8	45	159	03:57:17
6	45	169	04:11:39
20	45	174	01:11:55
21	45	178	03:21:05
2	45	193	05:09:11
7	45	194	05:19:42
15	45	195	04:56:43
17	45	198	03:49:40
5	45	201	03:22:21
13	45	202	05:32:52
12	45	212	04:32:11
5	44	5	03:22:21
6	44	7	04:11:39
14	44	14	05:18:54
8	44	19	03:56:17
18	44	53	04:20:33
2	44	56	05:09:11
7	44	66	05:19:42
16	44	85	06:19:18
9	44	114	04:17:20
10	44	124	04:35:43
20	44	134	01:11:52
4	44	138	03:36:39
17	44	147	03:49:40
13	44	152	05:32:04
15	44	152	04:56:43
1	44	166	04:44:07
12	44	169	04:32:11
11	44	178	04:26:32
19	44	182	04:43:48
3	44	185	03:38:30
21	44	213	03:21:05
11	43	29	04:26:32
13	43	37	05:31:39
15	43	46	04:56:43
16	43	46	06:19:18
17	43	66	03:49:40
5	43	78	03:22:18
10	43	85	04:35:43
1	43	98	04:44:07
4	43	106	03:36:39
9	43	111	04:17:20
2	43	129	05:09:11
3	43	131	03:38:30
19	43	135	04:43:48
7	43	141	05:19:42
14	43	144	05:18:45
20	43	177	01:11:46
18	43	178	04:20:29
21	43	182	03:21:05
8	43	189	03:55:27
6	43	194	04:11:39
12	43	209	04:32:11
4	42	1	03:36:39
9	42	17	04:17:20
2	42	23	05:09:11
16	42	29	06:19:18
17	42	38	03:49:40
15	42	43	04:56:43
13	42	53	05:31:39
5	42	69	03:22:13
14	42	106	05:18:45
1	42	129	04:44:07
19	42	136	04:43:48
3	42	141	03:38:30
11	42	145	04:26:27
18	42	148	04:20:29
7	42	163	05:19:42
8	42	175	03:55:07
6	42	191	04:11:39
21	42	193	03:21:05
10	42	199	04:35:25
12	42	201	04:32:11
20	42	205	01:11:40
10	41	46	04:34:40
11	41	53	04:26:12
12	41	67	04:32:11
15	41	67	04:56:43
13	41	72	05:30:17
8	41	75	03:54:54
16	41	89	06:19:18
20	41	95	01:11:39
5	41	99	03:22:13
21	41	103	03:21:05
9	41	116	04:17:20
18	41	125	04:18:31
1	41	127	04:44:07
6	41	146	04:11:39
17	41	146	03:49:40
19	41	146	04:43:48
14	41	147	05:18:45
2	41	149	05:09:11
7	41	182	05:18:39
4	41	201	03:36:39
3	41	211	03:38:30
18	40	12	04:18:31
20	40	15	01:11:37
3	40	16	03:38:30
7	40	37	05:19:00
12	40	64	04:32:11
1	40	66	04:44:07
14	40	83	05:18:45
9	40	87	04:17:20
17	40	99	03:49:40
11	40	106	04:26:09
6	40	114	04:11:39
21	40	123	03:21:05
10	40	144	04:34:32
15	40	151	04:56:43
5	40	165	03:21:52
19	40	165	04:43:48
8	40	169	03:54:42
2	40	171	05:09:11
16	40	175	06:19:18
13	40	213	05:30:17
4	40	215	03:36:39
16	39	8	06:19:18
21	39	8	03:20:59
8	39	15	03:54:42
9	39	16	04:17:20
18	39	19	04:18:31
11	39	38	04:25:57
1	39	64	04:44:07
7	39	67	05:18:39
15	39	72	04:56:43
3	39	73	03:38:30
12	39	82	04:32:11
17	39	94	03:49:30
5	39	109	03:21:29
14	39	149	05:18:45
10	39	159	04:34:30
6	39	161	04:11:39
2	39	176	05:09:11
13	39	176	05:30:17
19	39	187	04:44:47
4	39	191	03:36:39
20	39	213	01:11:37
3	38	14	03:38:30
14	38	19	05:18:40
20	38	22	01:11:34
18	38	38	04:18:31
1	38	46	04:44:07
11	38	73	04:25:54
13	38	73	05:28:11
6	38	74	04:11:39
10	38	83	04:33:10
16	38	114	06:19:18
19	38	114	04:43:48
21	38	116	03:20:59
9	38	136	04:17:20
12	38	141	04:32:11
5	38	146	03:21:29
2	38	154	05:09:11
17	38	159	03:44:50
8	38	201	03:54:38
15	38	201	04:56:43
4	38	206	03:36:39
7	38	206	05:18:39
12	37	2	04:32:11
15	37	14	04:56:43
5	37	31	03:21:29
3	37	38	03:38:30
19	37	42	04:43:48
6	37	67	04:11:39
8	37	98	03:54:32
21	37	114	03:20:59
11	37	124	04:25:52
20	37	125	01:11:34
16	37	141	06:19:18
9	37	146	04:17:20
18	37	146	04:18:31
10	37	149	04:33:08
14	37	154	05:17:34
17	37	154	03:44:50
2	37	163	05:09:11
7	37	175	05:18:53
13	37	197	05:26:39
4	37	209	03:36:39
1	37	215	04:44:07
11	36	13	04:25:52
19	36	24	04:43:48
5	36	32	03:21:29
6	36	35	04:11:39
8	36	38	03:54:24
2	36	53	05:08:52
4	36	62	03:36:39
10	36	72	04:32:50
21	36	81	03:20:59
1	36	82	04:44:07
9	36	91	04:17:20
14	36	95	05:17:22
20	36	99	01:11:32
17	36	124	03:43:29
12	36	127	04:32:11
18	36	131	04:18:07
13	36	136	05:26:25
15	36	149	04:56:43
16	36	149	06:19:18
7	36	159	05:18:53
3	36	213	03:38:30
17	35	7	03:43:01
10	35	29	04:32:33
3	35	31	03:38:30
2	35	46	05:08:52
11	35	46	04:25:45
5	35	56	03:21:19
1	35	81	04:44:07
12	35	81	04:32:11
15	35	81	04:56:43
4	35	82	03:36:39
18	35	86	04:17:38
21	35	89	03:20:59
8	35	91	03:54:05
13	35	95	05:26:04
9	35	131	04:17:20
19	35	131	04:43:48
16	35	144	06:19:18
14	35	175	05:15:57
7	35	176	05:18:39
6	35	209	04:11:39
20	35	219	01:11:27
19	34	5	04:43:48
3	34	8	03:38:30
20	34	8	01:11:22
6	34	38	04:11:39
1	34	41	04:44:07
14	34	47	05:15:35
5	34	61	03:21:19
9	34	61	04:17:20
21	34	87	03:20:59
10	34	118	04:32:12
4	34	141	03:36:39
15	34	141	04:56:43
11	34	151	04:25:45
12	34	151	04:32:11
18	34	152	04:16:11
16	34	161	06:18:42
7	34	169	05:18:39
13	34	192	05:26:04
17	34	192	03:43:01
2	34	198	05:08:52
8	34	206	03:53:56
3	33	11	03:38:30
9	33	11	04:17:20
12	33	11	04:32:11
7	33	13	05:18:53
19	33	29	04:43:48
15	33	35	04:56:43
20	33	44	01:11:17
16	33	61	06:18:42
8	33	64	03:53:56
2	33	67	05:08:52
17	33	72	03:41:59
5	33	96	03:21:08
11	33	114	04:25:45
14	33	118	05:15:35
4	33	131	03:36:39
10	33	134	04:32:12
13	33	149	05:23:44
18	33	159	04:16:11
6	33	165	04:11:39
1	33	169	04:44:07
21	33	169	03:20:59
9	32	5	04:17:20
20	32	12	01:11:05
6	32	27	04:11:39
7	32	29	05:18:53
8	32	29	03:53:47
5	32	45	03:21:03
14	32	53	05:15:22
12	32	59	04:32:11
11	32	67	04:25:45
18	32	72	04:15:29
3	32	79	03:38:30
16	32	131	06:18:42
1	32	141	04:44:07
2	32	142	05:08:52
4	32	146	03:36:39
15	32	146	04:56:43
19	32	151	04:43:48
13	32	159	05:23:37
21	32	192	03:20:59
10	32	211	04:32:00
17	32	211	03:41:35
12	31	5	04:32:11
9	31	7	04:17:20
14	31	21	05:15:19
17	31	21	03:41:17
2	31	37	05:08:52
15	31	41	04:56:43
13	31	46	05:23:20
3	31	61	03:38:30
21	31	88	03:20:59
1	31	111	04:44:07
8	31	114	03:53:47
6	31	134	04:11:39
5	31	141	03:21:03
4	31	143	03:36:39
19	31	149	04:43:48
16	31	151	06:18:03
10	31	154	04:31:52
11	31	169	04:25:45
7	31	178	05:18:53
20	31	179	01:11:02
18	31	205	04:15:00
14	30	5	05:15:04
7	30	8	05:18:53
9	30	8	04:17:20
20	30	14	01:10:52
6	30	18	04:11:39
2	30	29	05:08:52
17	30	29	03:41:03
12	30	42	04:32:11
21	30	66	03:20:59
15	30	74	04:56:43
3	30	82	03:38:30
16	30	82	06:17:32
11	30	127	04:25:45
8	30	134	03:53:30
19	30	141	04:43:48
5	30	149	03:21:03
10	30	172	04:31:47
4	30	192	03:36:39
18	30	192	04:14:27
13	30	199	05:22:34
1	30	213	04:44:07
9	29	3	04:17:20
11	29	5	04:25:45
14	29	8	05:15:04
18	29	37	04:13:12
3	29	41	03:38:30
1	29	42	04:44:07
8	29	42	03:53:30
5	29	44	03:21:03
10	29	64	04:31:42
19	29	64	04:43:48
13	29	83	05:21:17
7	29	84	05:18:53
16	29	84	06:17:32
17	29	114	03:41:03
15	29	127	04:56:43
20	29	128	01:10:51
12	29	131	04:32:11
21	29	149	03:20:59
4	29	195	03:36:39
2	29	201	05:08:52
6	29	201	04:11:39
3	28	1	03:38:30
1	28	7	04:44:07
19	28	8	04:43:48
20	28	11	01:10:49
7	28	23	05:18:53
12	28	25	04:32:11
5	28	29	03:21:03
9	28	38	04:17:20
8	28	46	03:53:30
15	28	47	04:56:43
13	28	64	05:21:17
17	28	64	03:41:03
11	28	74	04:25:45
21	28	84	03:20:59
4	28	91	03:36:39
6	28	138	04:11:39
2	28	151	05:08:52
10	28	151	04:31:40
18	28	157	04:12:52
16	28	169	06:17:10
14	28	199	05:14:44
13	27	7	05:21:17
14	27	7	05:13:43
21	27	11	03:20:59
10	27	19	04:31:37
9	27	32	04:17:20
11	27	64	04:25:45
12	27	66	04:32:11
8	27	74	03:53:24
15	27	76	04:56:43
5	27	82	03:21:03
3	27	93	03:38:30
16	27	124	06:16:53
19	27	145	04:43:48
6	27	149	04:11:39
17	27	149	03:40:48
7	27	151	05:18:39
2	27	161	05:08:52
18	27	175	04:12:32
1	27	192	04:44:07
4	27	196	03:36:39
20	27	207	01:10:44
3	26	2	03:38:30
13	26	5	05:21:17
5	26	11	03:21:03
4	26	18	03:36:39
9	26	31	04:17:20
17	26	46	03:40:25
10	26	47	04:31:15
16	26	67	06:16:53
20	26	82	01:10:38
7	26	114	05:18:39
15	26	123	04:56:43
14	26	131	05:13:26
6	26	141	04:11:39
11	26	141	04:25:45
8	26	154	03:53:23
21	26	168	03:20:59
19	26	176	04:43:48
2	26	191	05:08:52
18	26	199	04:11:39
1	26	201	04:44:07
12	26	211	04:32:11
12	25	8	04:32:11
13	25	8	05:21:17
16	25	16	06:16:22
20	25	19	01:10:36
11	25	34	04:25:45
9	25	41	04:17:20
7	25	42	05:18:39
10	25	42	04:30:13
19	25	46	04:43:48
21	25	59	03:20:59
1	25	92	04:44:07
4	25	99	03:36:39
2	25	106	05:08:52
5	25	111	03:21:03
15	25	111	04:56:43
14	25	134	05:13:26
18	25	154	04:10:57
8	25	161	03:53:19
3	25	174	03:38:30
6	25	185	04:11:39
17	25	199	03:40:17
7	24	5	05:18:39
18	24	5	04:09:42
11	24	7	04:25:45
1	24	11	04:44:07
16	24	13	06:16:22
20	24	27	01:10:27
4	24	41	03:36:39
12	24	41	04:32:11
19	24	41	04:43:48
9	24	47	04:17:20
6	24	61	04:11:39
8	24	67	03:53:19
10	24	74	04:29:39
15	24	82	04:56:43
17	24	85	03:39:17
21	24	109	03:20:56
14	24	111	05:13:13
2	24	114	05:08:52
5	24	127	03:21:03
13	24	147	05:19:36
3	24	163	03:38:30
2	23	8	05:08:52
13	23	13	05:19:20
4	23	42	03:36:39
9	23	42	04:17:20
20	23	43	01:10:26
8	23	47	03:53:15
15	23	61	04:56:43
12	23	85	04:32:11
21	23	93	03:20:56
5	23	106	03:21:03
3	23	135	03:38:30
6	23	158	04:11:39
7	23	161	05:18:39
19	23	174	04:43:48
10	23	175	04:29:27
16	23	196	06:16:17
11	23	201	04:25:45
17	23	201	03:39:17
1	23	206	04:44:07
14	23	211	05:12:24
18	23	211	04:09:40
8	22	8	03:53:12
15	22	11	04:56:43
17	22	13	03:39:17
20	22	16	01:10:21
1	22	31	04:44:07
9	22	46	04:17:20
14	22	64	05:11:58
10	22	67	04:29:24
7	22	74	05:18:39
11	22	81	04:25:45
5	22	91	03:20:57
6	22	111	04:11:39
19	22	126	04:43:48
2	22	127	05:08:52
3	22	146	03:38:30
21	22	158	03:20:56
13	22	175	05:19:08
18	22	176	04:09:37
4	22	177	03:36:39
12	22	181	04:32:11
16	22	186	06:15:45
2	21	7	05:08:38
5	21	8	03:20:54
15	21	8	04:56:43
11	21	11	04:25:45
17	21	14	03:39:02
9	21	28	04:12:28
13	21	29	05:18:24
7	21	31	05:18:39
1	21	61	04:44:07
4	21	74	03:36:39
19	21	78	04:43:48
6	21	81	04:11:39
10	21	89	04:29:08
3	21	109	03:38:30
12	21	114	04:32:11
18	21	147	04:09:16
20	21	169	01:10:06
8	21	171	03:53:12
14	21	189	05:11:52
21	21	196	03:20:56
16	21	201	06:15:42
2	20	5	05:08:38
5	20	7	03:20:46
12	20	7	04:32:11
4	20	11	03:36:39
19	20	11	04:43:48
18	20	13	04:08:57
9	20	21	04:12:25
10	20	28	04:28:52
6	20	31	04:11:39
11	20	41	04:25:45
16	20	41	06:15:42
20	20	49	01:10:05
21	20	99	03:20:54
8	20	124	03:53:05
7	20	127	05:18:39
1	20	131	04:44:07
3	20	137	03:38:30
17	20	144	03:38:25
15	20	148	04:56:43
14	20	172	05:11:47
13	20	211	05:18:24
2	19	1	05:08:38
7	19	7	05:18:39
10	19	8	04:28:49
11	19	8	04:25:45
14	19	29	05:11:36
13	19	74	05:16:41
16	19	81	06:15:42
6	19	93	04:11:39
1	19	103	04:44:07
18	19	114	04:08:57
19	19	124	04:43:48
17	19	131	03:38:15
5	19	138	03:20:43
21	19	141	03:20:54
9	19	144	04:12:19
8	19	151	03:53:05
15	19	174	04:56:43
3	19	177	03:38:30
20	19	184	01:09:59
4	19	186	03:36:39
12	19	213	04:32:11
16	18	11	06:15:42
4	18	31	03:36:39
6	18	41	04:11:39
20	18	46	01:09:56
7	18	61	05:18:39
21	18	82	03:20:54
13	18	85	05:16:31
10	18	114	04:28:47
15	18	116	04:56:43
14	18	124	05:11:36
19	18	127	04:43:48
8	18	131	03:53:05
5	18	134	03:20:37
1	18	135	04:44:07
3	18	148	03:38:30
18	18	151	04:08:50
11	18	161	04:25:45
17	18	169	03:37:57
9	18	172	04:12:19
12	18	174	04:32:11
2	18	206	05:08:38
1	17	8	04:44:07
2	17	11	05:08:38
8	17	13	03:53:03
19	17	14	04:43:48
18	17	29	04:08:47
11	17	42	04:25:45
4	17	59	03:36:39
5	17	75	03:20:37
7	17	81	05:18:39
14	17	85	05:11:11
6	17	91	04:11:39
3	17	112	03:38:30
21	17	112	03:20:50
17	17	113	03:37:28
13	17	114	05:15:40
20	17	116	01:09:51
16	17	127	06:15:42
10	17	131	04:28:42
15	17	138	04:56:43
9	17	151	04:12:19
12	17	194	04:32:11
17	16	5	03:37:24
19	16	19	04:43:48
8	16	37	03:53:01
13	16	38	05:15:36
7	16	41	05:18:39
14	16	61	05:11:07
3	16	74	03:38:30
12	16	74	04:32:11
2	16	81	05:08:38
18	16	85	04:08:45
6	16	106	04:11:39
16	16	128	06:15:42
5	16	131	03:20:37
9	16	134	04:12:19
21	16	145	03:20:50
20	16	149	01:09:45
10	16	161	04:28:34
1	16	183	04:44:07
15	16	193	04:56:43
4	16	204	03:36:39
11	16	209	04:25:45
16	15	2	06:15:24
14	15	13	05:11:04
17	15	16	03:37:13
9	15	36	04:12:19
6	15	42	04:11:39
19	15	56	04:43:48
12	15	61	04:32:11
21	15	68	03:20:50
5	15	77	03:20:37
15	15	78	04:56:43
7	15	82	05:18:39
1	15	84	04:44:07
13	15	111	05:15:30
18	15	124	04:08:41
11	15	131	04:25:45
4	15	148	03:36:39
2	15	169	05:08:38
10	15	169	04:28:34
3	15	182	03:38:30
20	15	188	01:09:44
8	15	211	03:53:01
10	14	13	04:28:34
15	14	18	04:56:43
19	14	35	04:43:48
14	14	38	05:11:01
18	14	46	04:07:47
20	14	52	01:09:34
11	14	61	04:25:45
17	14	67	03:37:13
5	14	72	03:20:37
8	14	78	03:52:56
2	14	111	05:08:38
7	14	111	05:18:39
3	14	121	03:38:30
12	14	138	04:32:11
13	14	151	05:15:30
9	14	154	04:12:19
16	14	158	06:11:57
6	14	163	04:11:39
21	14	177	03:20:50
1	14	193	04:44:07
4	14	214	03:36:39
8	13	5	03:52:29
14	13	16	05:10:45
2	13	31	05:08:38
13	13	61	05:14:38
18	13	64	04:07:47
11	13	66	04:25:45
5	13	68	03:20:37
19	13	72	04:43:48
3	13	84	03:38:30
4	13	84	03:36:39
15	13	84	04:56:43
12	13	104	04:32:11
10	13	111	04:28:32
9	13	119	04:12:19
7	13	129	05:18:39
17	13	141	03:37:03
1	13	148	04:44:07
6	13	148	04:11:39
21	13	148	03:20:50
20	13	193	01:09:33
16	13	213	06:11:57
15	12	2	04:56:43
7	12	11	05:18:39
2	12	42	05:08:38
10	12	61	04:28:32
19	12	79	04:43:48
17	12	82	03:37:03
3	12	97	03:38:30
8	12	111	03:52:29
21	12	121	03:20:50
20	12	127	01:09:33
13	12	131	05:14:38
14	12	151	05:09:51
18	12	161	04:07:47
9	12	171	04:12:19
6	12	174	04:11:39
4	12	182	03:36:39
5	12	185	03:20:37
11	12	192	04:25:45
1	12	209	04:44:07
12	12	215	04:32:11
16	12	219	06:10:55
20	11	6	01:09:22
5	11	25	03:20:37
21	11	32	03:20:50
9	11	53	04:12:19
8	11	61	03:52:23
18	11	67	04:06:16
16	11	72	06:10:43
11	11	82	04:25:45
15	11	101	04:56:43
17	11	127	03:37:03
2	11	131	05:08:38
6	11	145	04:11:39
7	11	158	05:18:39
1	11	163	04:44:07
13	11	169	05:14:38
14	11	169	05:09:51
10	11	171	04:28:30
4	11	194	03:36:39
3	11	204	03:38:30
12	11	214	04:32:11
19	11	214	04:43:48
10	10	5	04:28:20
14	10	11	05:09:51
17	10	11	03:36:58
18	10	11	04:06:16
12	10	18	04:32:11
2	10	82	05:08:38
15	10	93	04:56:43
16	10	134	06:09:21
19	10	138	04:43:48
3	10	145	03:38:30
4	10	145	03:36:39
20	10	145	01:09:19
7	10	148	05:18:39
11	10	158	04:25:45
13	10	161	05:14:38
5	10	174	03:20:20
1	10	182	04:44:07
6	10	192	04:11:39
8	10	192	03:52:22
9	10	206	04:12:19
21	10	214	03:20:50
1	9	18	04:44:07
10	9	21	04:28:18
17	9	37	03:36:48
11	9	51	04:25:45
21	9	51	03:20:50
6	9	68	04:11:39
7	9	68	05:18:39
19	9	68	04:43:48
5	9	79	03:19:56
13	9	81	05:14:38
8	9	82	03:52:16
12	9	84	04:32:11
16	9	98	06:09:21
4	9	112	03:36:39
2	9	141	05:08:38
20	9	164	01:09:00
18	9	169	04:06:16
15	9	182	04:56:43
14	9	201	05:09:47
9	9	211	04:12:19
3	9	214	03:38:30
3	8	18	03:38:30
5	8	49	03:19:44
2	8	61	05:08:38
17	8	61	03:36:35
13	8	67	05:14:05
14	8	67	05:09:34
1	8	68	04:44:07
21	8	76	03:20:50
9	8	83	04:12:19
11	8	84	04:25:45
16	8	88	06:08:00
8	8	141	03:52:08
12	8	145	04:32:11
6	8	153	04:11:39
4	8	167	03:36:39
19	8	178	04:43:48
7	8	192	05:18:39
20	8	192	01:08:57
10	8	201	04:28:16
18	8	201	04:06:14
15	8	214	04:56:43
10	7	7	04:27:51
8	7	11	03:52:04
1	7	23	04:44:07
18	7	61	04:06:14
9	7	64	04:12:19
5	7	74	03:19:42
16	7	74	06:07:46
4	7	77	03:36:39
20	7	81	01:08:48
13	7	82	05:13:52
19	7	84	04:43:48
2	7	91	05:08:38
15	7	97	04:56:43
6	7	109	04:11:39
11	7	148	04:25:45
12	7	153	04:32:11
21	7	153	03:20:50
7	7	154	05:18:39
14	7	161	05:09:28
17	7	161	03:36:35
3	7	194	03:38:30
1	6	1	04:44:07
21	6	2	03:20:50
9	6	18	04:12:19
11	6	18	04:25:45
12	6	32	04:32:11
19	6	76	04:43:48
8	6	81	03:51:56
18	6	82	04:06:10
4	6	135	03:36:39
10	6	141	04:27:48
13	6	141	05:13:52
14	6	141	05:09:21
20	6	141	01:08:29
7	6	145	05:18:39
16	6	148	06:07:23
17	6	151	03:36:15
15	6	153	04:56:43
3	6	167	03:38:30
2	6	182	05:08:38
5	6	186	03:19:36
6	6	214	04:11:39
3	5	23	03:38:30
19	5	32	04:43:48
1	5	38	04:44:07
6	5	51	04:11:39
17	5	53	03:36:12
15	5	77	04:56:43
21	5	77	03:20:50
10	5	82	04:27:48
14	5	82	05:09:17
9	5	88	04:12:19
12	5	97	04:32:11
8	5	127	03:51:56
13	5	127	05:13:22
2	5	134	05:08:38
18	5	141	04:05:32
4	5	153	03:36:39
16	5	154	06:07:19
5	5	163	03:19:36
7	5	181	05:18:39
11	5	181	04:25:45
20	5	201	01:08:23
8	4	7	03:51:52
13	4	11	05:13:19
11	4	32	04:25:45
20	4	41	01:08:19
2	4	51	05:08:38
4	4	51	03:36:39
5	4	51	03:19:36
6	4	77	04:11:39
19	4	77	04:43:48
10	4	81	04:27:46
17	4	81	03:36:09
18	4	81	04:05:32
7	4	106	05:18:39
9	4	106	04:12:19
16	4	118	06:07:19
14	4	127	05:09:17
15	4	135	04:56:43
21	4	135	03:20:50
1	4	153	04:44:07
3	4	153	03:38:30
12	4	182	04:32:11
16	3	3	06:07:19
10	3	11	04:27:46
19	3	23	04:43:48
18	3	34	04:05:29
5	3	41	03:18:54
8	3	41	03:51:48
17	3	41	03:36:09
15	3	51	04:56:43
2	3	74	05:08:38
3	3	77	03:38:30
11	3	79	04:25:45
14	3	81	05:08:53
6	3	84	04:11:39
1	3	97	04:44:07
21	3	97	03:20:50
4	3	121	03:36:39
12	3	121	04:32:11
7	3	134	05:18:39
9	3	148	04:12:19
13	3	201	05:12:40
20	3	202	01:08:08
17	2	19	03:35:52
4	2	23	03:36:39
6	2	23	04:11:39
21	2	23	03:20:50
8	2	31	03:51:45
13	2	34	05:12:39
14	2	41	05:08:51
5	2	42	03:18:54
1	2	51	04:44:07
3	2	51	03:38:30
7	2	51	05:18:39
12	2	51	04:32:11
11	2	104	04:25:45
19	2	104	04:43:48
20	2	106	01:08:00
10	2	127	04:27:41
18	2	127	04:05:27
2	2	148	05:08:38
16	2	159	06:07:19
9	2	163	04:12:19
15	2	194	04:56:43
12	1	23	04:32:11
15	1	23	04:56:43
14	1	34	05:08:27
17	1	34	03:35:23
16	1	38	06:07:10
2	1	41	05:08:36
10	1	41	04:27:26
13	1	41	05:12:29
18	1	41	04:04:17
5	1	62	03:18:35
9	1	75	04:09:34
20	1	75	01:06:21
7	1	79	05:18:39
8	1	86	03:49:28
19	1	97	04:43:41
1	1	101	04:44:07
3	1	101	03:38:30
4	1	101	03:36:39
21	1	101	03:20:50
11	1	134	04:25:45
6	1	135	04:11:39
